 0 B 1 A 2 9 3 8 4 7 5 6
 1 9 2 B 0 A 4 6 5 8 3 7
 1 9 2 B 0 A 4 6 7 3 8 5
 1 9 2 B 0 A 4 7 3 8 6 5
 1 9 2 B 0 A 4 8 3 6 5 7
 1 9 2 B 0 A 4 8 3 6 7 5
 1 9 3 A 0 B 2 7 4 8 6 5
 1 9 3 A 0 B 2 7 6 4 8 5
 1 9 4 6 5 8 2 B 0 A 3 7
 1 9 4 6 7 3 A 0 B 2 8 5
 1 9 4 7 3 A 0 B 2 8 6 5
 1 9 4 8 2 B 0 A 3 6 5 7
 1 9 4 8 2 B 0 A 3 6 7 5
 1 A 0 B 3 7 4 9 2 8 6 5
 1 A 0 B 3 7 6 4 9 2 8 5
 1 A 0 B 3 8 2 9 5 6 4 7
 1 A 0 B 3 9 2 7 4 8 6 5
 1 A 0 B 3 9 2 7 6 4 8 5
 1 B 0 9 2 A 4 6 5 8 3 7
 1 B 0 9 2 A 4 6 7 3 8 5
 1 B 0 9 2 A 4 7 3 8 6 5
 1 B 0 9 2 A 4 8 3 6 5 7
 1 B 0 9 2 A 4 8 3 6 7 5
 1 B 0 9 3 A 2 7 4 8 6 5
 1 B 0 9 3 A 2 7 6 4 8 5
 1 B 0 9 4 6 5 8 2 A 3 7
 1 B 0 9 4 6 7 3 A 2 8 5
 1 B 0 9 4 7 3 A 2 8 6 5
 1 B 0 9 4 8 2 A 3 6 5 7
 1 B 0 9 4 8 2 A 3 6 7 5
 2 6 5 7 4 9 3 A 1 B 0 8
 2 6 5 7 4 9 3 B 0 A 1 8
 2 6 5 7 4 B 0 A 1 9 3 8
 2 6 7 5 8 0 B 1 A 3 9 4
 2 6 7 5 8 1 A 0 B 3 9 4
 2 6 7 5 8 3 9 1 A 0 B 4
 2 7 3 9 1 A 0 B 4 5 8 6
 2 7 3 9 1 A 0 B 4 6 5 8
 2 7 4 5 9 3 A 1 B 0 8 6
 2 7 4 5 9 3 B 0 A 1 8 6
 2 7 4 6 5 9 3 A 1 B 0 8
 2 7 4 6 5 9 3 B 0 A 1 8
 2 7 5 4 8 0 B 1 A 3 9 6
 2 7 5 4 8 1 A 0 B 3 9 6
 2 7 5 6 3 9 1 A 0 B 4 8
 2 7 5 6 9 3 A 1 B 0 8 4
 2 7 5 6 9 3 B 0 A 1 8 4
 2 8 0 B 1 A 3 5 9 4 7 6
 2 8 0 B 1 A 3 6 7 5 9 4
 2 8 0 B 1 A 3 7 5 4 9 6
 2 8 0 B 1 A 3 7 5 6 9 4
 2 8 1 A 0 B 3 5 9 4 7 6
 2 8 1 A 0 B 3 6 7 5 9 4
 2 8 1 A 0 B 3 7 5 4 9 6
 2 8 1 A 0 B 3 7 5 6 9 4
 2 8 3 5 9 1 A 0 B 4 7 6
 2 8 3 6 7 5 9 1 A 0 B 4
 2 8 3 7 5 4 B 0 A 1 9 6
 2 8 3 7 5 6 9 1 A 0 B 4
 2 9 1 A 0 B 5 3 8 4 7 6
 2 9 1 A 0 B 5 4 7 3 8 6
 2 9 1 A 0 B 5 6 4 7 3 8
 2 9 1 A 0 B 5 6 8 3 7 4
 2 9 1 A 0 B 5 7 6 3 8 4
 2 9 1 A 0 B 5 8 3 7 6 4
 2 9 3 5 A 1 B 0 8 4 7 6
 2 9 3 6 7 5 A 1 B 0 8 4
 2 9 3 7 4 5 A 1 B 0 8 6
 2 9 3 7 4 6 5 A 1 B 0 8
 2 9 3 8 0 B 1 A 6 5 7 4
 2 9 3 B 0 A 1 6 5 7 4 8
 2 9 3 B 0 A 1 6 7 5 8 4
 2 9 4 8 5 3 B 0 A 1 7 6
 2 9 4 A 1 B 0 8 5 3 7 6
 2 9 5 3 8 0 B 1 A 4 7 6
 2 9 5 4 7 1 A 0 B 3 8 6
 2 9 5 6 4 7 1 A 0 B 3 8
 2 9 5 6 8 3 B 0 A 1 7 4
 2 9 5 7 6 3 8 0 B 1 A 4
 2 9 5 8 3 B 0 A 1 7 6 4
 2 9 6 5 7 1 A 0 B 3 8 4
 2 9 6 5 7 3 8 0 B 1 A 4
 2 A 1 B 0 7 3 9 4 5 8 6
 2 A 1 B 0 7 3 9 4 6 5 8
 2 A 1 B 0 7 4 5 9 3 8 6
 2 A 1 B 0 7 4 6 5 9 3 8
 2 A 1 B 0 7 5 4 8 3 9 6
 2 A 1 B 0 7 5 6 3 9 4 8
 2 A 1 B 0 7 5 6 9 3 8 4
 2 A 3 5 8 4 9 0 B 1 7 6
 2 A 3 6 5 7 1 B 0 9 4 8
 2 A 3 7 1 B 0 9 4 5 8 6
 2 A 3 7 1 B 0 9 4 6 5 8
 2 A 3 8 4 5 7 1 B 0 9 6
 2 A 3 8 5 9 0 B 1 7 6 4
 2 A 3 8 6 5 9 0 B 1 7 4
 2 A 3 9 0 B 1 6 5 7 4 8
 2 A 3 9 0 B 1 6 7 5 8 4
 2 A 4 5 7 3 8 1 B 0 9 6
 2 A 4 9 0 B 1 8 5 3 7 6
 2 A 5 3 9 0 B 1 8 4 7 6
 2 A 5 4 7 3 9 0 B 1 8 6
 2 A 5 6 4 7 3 9 0 B 1 8
 2 A 5 6 8 1 B 0 9 3 7 4
 2 A 5 7 6 3 9 0 B 1 8 4
 2 A 5 8 1 B 0 9 3 7 6 4
 2 B 0 A 3 5 8 4 9 1 7 6
 2 B 0 A 3 6 5 7 1 9 4 8
 2 B 0 A 3 7 1 9 4 5 8 6
 2 B 0 A 3 7 1 9 4 6 5 8
 2 B 0 A 3 8 4 5 7 1 9 6
 2 B 0 A 3 8 5 9 1 7 6 4
 2 B 0 A 3 8 6 5 9 1 7 4
 2 B 0 A 3 9 1 6 5 7 4 8
 2 B 0 A 3 9 1 6 7 5 8 4
 2 B 0 A 4 5 7 3 8 1 9 6
 2 B 0 A 4 9 1 8 5 3 7 6
 2 B 0 A 5 3 9 1 8 4 7 6
 2 B 0 A 5 4 7 3 9 1 8 6
 2 B 0 A 5 6 4 7 3 9 1 8
 2 B 0 A 5 6 8 1 9 3 7 4
 2 B 0 A 5 7 6 3 9 1 8 4
 2 B 0 A 5 8 1 9 3 7 6 4
 3 5 6 9 0 B 1 8 4 A 2 7
 3 5 6 9 1 8 4 A 0 B 2 7
 3 5 6 9 1 A 0 B 4 8 2 7
 3 5 6 9 4 8 2 A 1 B 0 7
 3 5 6 A 0 B 2 8 1 9 4 7
 3 5 6 A 1 B 0 8 2 9 4 7
 3 5 6 A 2 8 1 B 0 9 4 7
 3 5 6 B 0 A 1 9 2 8 4 7
 3 5 8 0 B 1 A 4 9 2 6 7
 3 5 8 1 9 4 A 0 B 2 6 7
 3 5 8 1 B 0 9 4 A 2 6 7
 3 5 8 4 9 2 A 1 B 0 6 7
 3 5 8 4 A 0 B 2 9 1 6 7
 3 5 8 4 A 2 9 0 B 1 6 7
 3 6 0 B 1 A 2 9 4 8 7 5
 3 6 1 9 2 B 0 A 4 8 7 5
 3 6 1 B 0 9 2 A 4 8 7 5
 3 6 2 9 4 A 1 B 0 8 7 5
 3 6 2 A 4 9 0 B 1 8 7 5
 3 6 2 B 0 A 4 9 1 8 7 5
 3 6 4 8 7 1 9 2 B 0 A 5
 3 6 4 8 7 1 B 0 9 2 A 5
 3 6 4 8 7 2 9 1 A 0 B 5
 3 6 4 A 0 B 2 7 8 1 9 5
 3 6 4 A 1 B 0 8 7 2 9 5
 3 6 4 A 2 7 8 1 B 0 9 5
 3 6 5 7 0 B 1 A 2 8 4 9
 3 6 5 7 2 8 4 B 0 A 1 9
 3 6 5 7 2 A 4 8 1 B 0 9
 3 6 5 7 2 B 0 A 4 8 1 9
 3 6 8 0 B 1 A 4 5 9 2 7
 3 6 8 1 9 5 4 A 0 B 2 7
 3 6 8 1 B 0 9 5 4 A 2 7
 3 6 8 4 5 A 0 B 2 9 1 7
 3 6 8 4 5 A 2 9 0 B 1 7
 3 6 8 4 5 B 0 A 1 9 2 7
 3 6 A 0 B 2 8 1 9 4 5 7
 3 6 A 1 B 0 8 2 9 4 5 7
 3 6 A 2 8 1 B 0 9 4 5 7
 3 6 B 0 A 1 9 2 8 4 5 7
 3 7 0 B 1 A 2 8 5 6 4 9
 3 7 0 B 1 A 2 8 6 9 4 5
 3 7 2 8 5 6 4 B 0 A 1 9
 3 7 2 8 6 9 1 A 0 B 4 5
 3 7 2 9 6 8 0 B 1 A 4 5
 3 7 2 A 4 6 5 8 1 B 0 9
 3 7 2 B 0 A 4 6 5 8 1 9
 3 7 4 6 5 A 0 B 2 8 1 9
 3 7 4 6 5 A 1 B 0 8 2 9
 3 7 4 6 5 A 2 8 1 B 0 9
 3 7 6 8 0 B 1 A 4 9 2 5
 3 7 6 8 1 9 4 A 0 B 2 5
 3 7 6 8 1 B 0 9 4 A 2 5
 3 7 A 0 B 2 8 1 9 4 6 5
 3 7 A 1 B 0 8 2 9 4 6 5
 3 7 A 2 8 1 B 0 9 4 6 5
 3 8 0 B 1 A 4 7 5 6 2 9
 3 8 0 B 1 A 4 7 9 2 6 5
 3 8 1 9 5 2 B 0 A 4 6 7
 3 8 1 9 6 2 B 0 A 4 5 7
 3 8 1 9 7 4 A 0 B 2 6 5
 3 8 1 B 0 9 5 2 A 4 6 7
 3 8 1 B 0 9 6 2 A 4 5 7
 3 8 1 B 0 9 7 4 A 2 6 5
 3 8 2 5 9 1 A 0 B 4 6 7
 3 8 2 6 5 7 4 B 0 A 1 9
 3 8 2 6 9 1 A 0 B 4 5 7
 3 8 2 9 1 A 0 B 7 4 6 5
 3 8 2 A 1 B 0 7 4 6 5 9
 3 8 4 7 5 6 0 B 1 A 2 9
 3 8 4 7 9 2 A 1 B 0 6 5
 3 8 5 1 9 2 B 0 A 4 6 7
 3 8 5 1 B 0 9 2 A 4 6 7
 3 8 5 4 6 A 0 B 2 9 1 7
 3 8 5 4 6 A 2 9 0 B 1 7
 3 8 6 0 B 1 A 2 9 5 4 7
 3 8 6 2 9 1 A 0 B 5 4 7
 3 8 6 5 1 9 2 B 0 A 4 7
 3 8 6 5 1 B 0 9 2 A 4 7
 3 8 6 7 4 A 0 B 2 9 1 5
 3 8 6 7 4 A 2 9 0 B 1 5
 3 8 6 A 0 B 2 9 1 7 4 5
 3 8 6 A 2 9 0 B 1 7 4 5
 3 8 7 4 6 0 B 1 A 2 9 5
 3 8 7 4 6 2 9 1 A 0 B 5
 3 9 0 B 1 8 5 4 6 A 2 7
 3 9 0 B 1 8 6 2 A 5 4 7
 3 9 0 B 1 8 6 A 2 7 4 5
 3 9 0 B 1 8 7 4 6 2 A 5
 3 9 1 8 5 4 6 A 0 B 2 7
 3 9 1 8 6 2 B 0 A 5 4 7
 3 9 1 8 6 A 0 B 2 7 4 5
 3 9 1 8 7 4 6 2 B 0 A 5
 3 9 1 A 0 B 4 5 8 6 2 7
 3 9 1 A 0 B 4 6 2 7 8 5
 3 9 1 A 0 B 4 8 6 5 2 7
 3 9 1 A 0 B 4 8 6 7 2 5
 3 9 2 5 A 1 B 0 8 4 6 7
 3 9 2 6 4 7 8 0 B 1 A 5
 3 9 2 6 8 0 B 1 A 5 4 7
 3 9 2 7 A 1 B 0 8 4 6 5
 3 9 2 A 1 B 0 5 6 8 4 7
 3 9 2 A 1 B 0 5 8 4 6 7
 3 9 4 5 8 6 2 A 1 B 0 7
 3 9 4 6 2 A 1 B 0 7 8 5
 3 9 4 8 6 5 2 A 1 B 0 7
 3 9 4 8 6 7 0 B 1 A 2 5
 3 A 0 B 2 5 6 8 4 9 1 7
 3 A 0 B 2 6 4 9 1 7 8 5
 3 A 0 B 2 6 8 5 4 9 1 7
 3 A 0 B 2 7 1 9 6 8 4 5
 3 A 0 B 2 8 4 7 5 6 1 9
 3 A 0 B 2 8 4 7 9 1 6 5
 3 A 0 B 2 8 5 1 9 4 6 7
 3 A 0 B 2 8 6 1 9 5 4 7
 3 A 0 B 2 8 6 5 1 9 4 7
 3 A 0 B 2 8 6 7 4 9 1 5
 3 A 0 B 2 8 7 4 6 1 9 5
 3 A 1 B 0 8 2 5 9 4 6 7
 3 A 1 B 0 8 2 6 5 7 4 9
 3 A 1 B 0 8 2 6 9 4 5 7
 3 A 1 B 0 8 2 7 4 6 5 9
 3 A 2 5 6 8 4 9 0 B 1 7
 3 A 2 6 4 9 0 B 1 7 8 5
 3 A 2 6 8 5 4 9 0 B 1 7
 3 A 2 7 1 B 0 9 6 8 4 5
 3 A 2 8 4 7 5 6 1 B 0 9
 3 A 2 8 4 7 9 0 B 1 6 5
 3 A 2 8 5 1 B 0 9 4 6 7
 3 A 2 8 6 1 B 0 9 5 4 7
 3 A 2 8 6 5 1 B 0 9 4 7
 3 A 2 8 6 7 4 9 0 B 1 5
 3 A 2 8 7 4 6 1 B 0 9 5
 3 B 0 A 1 5 6 8 2 9 4 7
 3 B 0 A 1 5 8 2 9 4 6 7
 3 B 0 A 1 6 4 7 8 2 9 5
 3 B 0 A 1 6 5 7 4 8 2 9
 3 B 0 A 1 6 8 2 9 5 4 7
 3 B 0 A 1 6 9 2 8 4 5 7
 3 B 0 A 1 7 2 9 6 8 4 5
 3 B 0 A 1 7 6 8 4 9 2 5
 3 B 0 A 1 8 2 5 9 4 6 7
 3 B 0 A 1 8 2 6 5 7 4 9
 3 B 0 A 1 8 2 6 9 4 5 7
 3 B 0 A 1 8 2 7 4 6 5 9
 4 0 B 1 A 2 9 3 8 5 7 6
 4 1 A 0 B 3 8 2 9 5 7 6
 4 2 9 1 A 0 B 5 8 3 7 6
 4 2 9 5 8 3 B 0 A 1 7 6
 4 2 A 3 8 5 9 0 B 1 7 6
 4 2 A 5 8 1 B 0 9 3 7 6
 4 2 B 0 A 3 8 5 9 1 7 6
 4 2 B 0 A 5 8 1 9 3 7 6
 4 3 7 1 9 2 B 0 A 5 8 6
 4 3 7 1 B 0 9 2 A 5 8 6
 4 3 7 2 9 1 A 0 B 5 8 6
 4 3 7 5 8 2 9 1 A 0 B 6
 4 3 7 5 A 0 B 2 8 1 9 6
 4 3 7 5 A 1 B 0 8 2 9 6
 4 3 7 5 A 2 8 1 B 0 9 6
 4 3 8 2 A 1 B 0 7 5 9 6
 4 3 8 5 7 1 9 2 B 0 A 6
 4 3 8 5 7 1 B 0 9 2 A 6
 4 3 9 0 B 1 8 5 7 2 A 6
 4 3 9 1 8 5 7 2 B 0 A 6
 4 3 9 2 7 5 8 0 B 1 A 6
 4 3 A 0 B 2 7 1 9 5 8 6
 4 3 A 1 B 0 8 2 7 5 9 6
 4 3 A 2 7 1 B 0 9 5 8 6
 4 3 B 0 A 1 7 2 9 5 8 6
 4 3 B 0 A 1 8 2 7 5 9 6
 4 5 7 0 B 1 A 2 6 9 3 8
 4 5 7 1 9 2 B 0 A 6 3 8
 4 5 7 1 9 6 2 B 0 A 3 8
 4 5 7 1 B 0 9 2 A 6 3 8
 4 5 7 1 B 0 9 6 2 A 3 8
 4 5 7 2 6 9 3 A 1 B 0 8
 4 5 7 2 6 9 3 B 0 A 1 8
 4 5 7 2 9 3 6 A 1 B 0 8
 4 5 7 2 A 6 3 9 0 B 1 8
 4 5 7 2 B 0 A 6 3 9 1 8
 4 5 7 3 6 B 0 A 1 9 2 8
 4 5 7 3 B 0 A 1 6 9 2 8
 4 5 7 A 1 B 0 8 3 9 2 6
 4 5 7 B 0 A 1 9 2 8 3 6
 4 5 8 0 B 1 A 3 9 7 2 6
 4 5 8 1 A 0 B 3 9 7 2 6
 4 5 8 2 9 7 3 B 0 A 1 6
 4 5 8 2 A 3 7 9 0 B 1 6
 4 5 8 2 B 0 A 3 7 9 1 6
 4 5 8 3 7 9 2 A 1 B 0 6
 4 5 8 3 9 7 0 B 1 A 2 6
 4 5 8 3 B 0 A 1 7 9 2 6
 4 5 9 0 B 1 7 2 A 3 6 8
 4 5 9 1 7 2 B 0 A 3 6 8
 4 5 9 2 7 1 A 0 B 3 6 8
 4 5 9 7 0 B 1 A 2 8 3 6
 4 5 9 7 2 8 0 B 1 A 3 6
 4 5 9 7 2 8 1 A 0 B 3 6
 4 5 A 0 B 2 8 1 9 7 3 6
 4 5 A 0 B 2 9 1 7 3 6 8
 4 5 A 1 B 0 8 2 9 7 3 6
 4 5 A 2 8 1 B 0 9 7 3 6
 4 5 A 2 9 0 B 1 7 3 6 8
 4 5 B 0 A 1 9 2 7 3 6 8
 4 6 5 8 1 9 3 7 2 B 0 A
 4 6 5 8 1 B 0 9 3 7 2 A
 4 6 5 8 3 7 1 9 2 B 0 A
 4 6 5 8 3 7 1 B 0 9 2 A
 4 6 7 0 B 1 A 2 5 9 3 8
 4 6 7 1 9 5 2 B 0 A 3 8
 4 6 7 1 9 5 8 3 A 0 B 2
 4 6 7 1 A 0 B 3 8 5 9 2
 4 6 7 1 B 0 9 5 2 A 3 8
 4 6 7 1 B 0 9 5 8 3 A 2
 4 6 7 2 5 9 3 A 1 B 0 8
 4 6 7 2 5 9 3 B 0 A 1 8
 4 6 7 2 9 3 B 0 A 1 5 8
 4 6 7 2 A 3 9 0 B 1 5 8
 4 6 7 2 B 0 A 3 9 1 5 8
 4 6 7 3 8 5 B 0 A 1 9 2
 4 6 7 3 9 0 B 1 8 5 A 2
 4 6 7 3 9 1 8 5 A 0 B 2
 4 6 7 3 9 2 5 A 1 B 0 8
 4 6 7 3 9 2 A 1 B 0 5 8
 4 7 1 9 2 B 0 A 6 5 3 8
 4 7 1 9 5 6 8 3 A 0 B 2
 4 7 1 A 0 B 3 8 6 5 9 2
 4 7 1 B 0 9 2 A 6 5 3 8
 4 7 1 B 0 9 5 6 8 3 A 2
 4 7 2 9 3 5 6 A 1 B 0 8
 4 7 2 9 3 B 0 A 1 5 6 8
 4 7 2 A 3 9 0 B 1 5 6 8
 4 7 2 A 6 5 3 9 0 B 1 8
 4 7 2 B 0 A 3 9 1 5 6 8
 4 7 2 B 0 A 6 5 3 9 1 8
 4 7 3 5 6 B 0 A 1 9 2 8
 4 7 3 8 6 5 B 0 A 1 9 2
 4 7 3 9 0 B 1 8 6 5 A 2
 4 7 3 9 1 8 6 5 A 0 B 2
 4 7 3 9 2 A 1 B 0 5 6 8
 4 7 5 6 2 9 3 8 0 B 1 A
 4 7 5 6 A 1 B 0 8 3 9 2
 4 7 6 0 B 1 A 2 9 5 3 8
 4 7 6 1 9 5 3 A 0 B 2 8
 4 7 6 1 A 0 B 3 5 9 2 8
 4 7 6 1 B 0 9 5 3 A 2 8
 4 7 6 2 9 1 A 0 B 5 3 8
 4 7 6 2 9 3 5 A 1 B 0 8
 4 7 6 2 A 5 3 9 0 B 1 8
 4 7 6 2 B 0 A 5 3 9 1 8
 4 7 8 0 B 1 A 5 3 9 2 6
 4 7 8 1 9 3 5 A 0 B 2 6
 4 7 8 1 B 0 9 3 5 A 2 6
 4 7 8 2 9 5 3 B 0 A 1 6
 4 7 8 2 A 3 5 9 0 B 1 6
 4 7 8 2 B 0 A 3 5 9 1 6
 4 7 8 3 5 9 2 A 1 B 0 6
 4 7 8 3 5 B 0 A 1 9 2 6
 4 7 9 2 8 3 B 0 A 1 5 6
 4 7 B 0 A 1 9 2 8 3 5 6
 4 8 0 B 1 A 3 9 6 5 7 2
 4 8 0 B 1 A 3 9 7 2 5 6
 4 8 0 B 1 A 5 7 6 3 9 2
 4 8 0 B 1 A 7 2 9 3 5 6
 4 8 1 9 3 6 5 7 2 B 0 A
 4 8 1 9 3 6 7 5 A 0 B 2
 4 8 1 A 0 B 3 9 6 5 7 2
 4 8 1 A 0 B 3 9 7 2 5 6
 4 8 1 B 0 9 3 6 5 7 2 A
 4 8 1 B 0 9 3 6 7 5 A 2
 4 8 3 6 5 7 1 9 2 B 0 A
 4 8 3 6 5 7 1 B 0 9 2 A
 4 8 3 6 7 5 B 0 A 1 9 2
 4 8 3 9 6 5 7 0 B 1 A 2
 4 8 3 9 7 0 B 1 A 2 5 6
 4 8 3 B 0 A 1 7 5 6 9 2
 4 8 3 B 0 A 1 7 9 2 5 6
 4 8 5 7 6 1 9 3 A 0 B 2
 4 8 5 7 6 1 A 0 B 3 9 2
 4 8 5 7 6 1 B 0 9 3 A 2
 4 8 7 1 9 2 B 0 A 5 3 6
 4 8 7 1 B 0 9 2 A 5 3 6
 4 8 7 2 9 1 A 0 B 5 3 6
 4 8 7 5 0 B 1 A 2 9 3 6
 4 8 7 5 2 9 3 B 0 A 1 6
 4 8 7 5 2 A 3 9 0 B 1 6
 4 8 7 5 2 B 0 A 3 9 1 6
 4 9 0 B 1 5 7 6 3 A 2 8
 4 9 0 B 1 5 7 8 2 A 3 6
 4 9 0 B 1 7 3 A 2 5 6 8
 4 9 0 B 1 7 6 2 A 3 5 8
 4 9 0 B 1 7 8 5 3 A 2 6
 4 9 0 B 1 8 2 A 7 3 5 6
 4 9 1 5 7 6 3 A 0 B 2 8
 4 9 1 5 7 8 2 B 0 A 3 6
 4 9 1 7 3 A 0 B 2 5 6 8
 4 9 1 7 6 2 B 0 A 3 5 8
 4 9 1 7 8 5 3 A 0 B 2 6
 4 9 1 8 2 B 0 A 7 3 5 6
 4 9 2 6 7 1 A 0 B 3 5 8
 4 9 2 8 0 B 1 A 7 3 5 6
 4 9 2 8 7 5 1 A 0 B 3 6
 4 9 2 A 1 B 0 6 7 3 5 8
 4 9 3 5 8 7 0 B 1 A 2 6
 4 9 3 7 0 B 1 A 2 5 6 8
 4 9 3 A 1 B 0 8 5 7 6 2
 4 9 3 A 1 B 0 8 7 5 2 6
 4 9 3 B 0 A 1 8 5 7 6 2
 4 9 3 B 0 A 1 8 7 5 2 6
 4 9 5 3 6 7 0 B 1 A 2 8
 4 9 5 7 6 3 A 1 B 0 8 2
 4 9 5 7 6 3 B 0 A 1 8 2
 4 9 6 5 3 7 0 B 1 A 2 8
 4 9 6 5 7 3 A 1 B 0 8 2
 4 9 6 5 7 3 B 0 A 1 8 2
 4 9 7 3 A 1 B 0 8 2 5 6
 4 9 7 3 B 0 A 1 8 2 5 6
 4 A 0 B 2 7 3 5 6 9 1 8
 4 A 0 B 2 7 6 3 5 9 1 8
 4 A 0 B 2 7 8 1 9 5 3 6
 4 A 0 B 2 9 1 5 7 6 3 8
 4 A 0 B 2 9 1 5 7 8 3 6
 4 A 0 B 2 9 1 6 7 3 5 8
 4 A 1 B 0 8 3 6 7 5 9 2
 4 A 1 B 0 8 3 7 5 6 9 2
 4 A 1 B 0 8 3 7 9 2 5 6
 4 A 1 B 0 8 7 2 9 5 3 6
 4 A 2 7 3 5 6 9 0 B 1 8
 4 A 2 7 6 3 5 9 0 B 1 8
 4 A 2 7 8 1 B 0 9 5 3 6
 4 A 2 9 0 B 1 5 7 6 3 8
 4 A 2 9 0 B 1 5 7 8 3 6
 4 A 2 9 0 B 1 6 7 3 5 8
 4 B 0 A 1 9 3 5 8 7 2 6
 4 B 0 A 1 9 3 7 2 5 6 8
 4 B 0 A 1 9 3 8 5 7 6 2
 4 B 0 A 1 9 3 8 7 5 2 6
 4 B 0 A 1 9 5 3 6 7 2 8
 4 B 0 A 1 9 5 7 6 3 8 2
 4 B 0 A 1 9 6 5 3 7 2 8
 4 B 0 A 1 9 6 5 7 3 8 2
 4 B 0 A 1 9 7 3 8 2 5 6
 5 0 B 1 A 2 9 3 6 4 8 7
 5 1 9 2 B 0 A 4 6 3 8 7
 5 1 9 2 B 0 A 4 7 6 8 3
 5 1 9 4 6 3 A 0 B 2 8 7
 5 1 9 4 7 6 8 2 B 0 A 3
 5 1 A 0 B 3 6 4 9 2 8 7
 5 1 B 0 9 2 A 4 6 3 8 7
 5 1 B 0 9 2 A 4 7 6 8 3
 5 1 B 0 9 4 6 3 A 2 8 7
 5 1 B 0 9 4 7 6 8 2 A 3
 5 2 6 4 9 3 A 1 B 0 8 7
 5 2 6 4 9 3 B 0 A 1 8 7
 5 2 6 4 B 0 A 1 9 3 8 7
 5 2 7 6 4 8 0 B 1 A 3 9
 5 2 7 6 4 8 1 A 0 B 3 9
 5 2 7 6 8 4 B 0 A 1 9 3
 5 2 8 0 B 1 A 3 7 6 4 9
 5 2 8 1 A 0 B 3 7 6 4 9
 5 2 8 3 7 6 4 B 0 A 1 9
 5 2 9 3 B 0 A 1 6 4 8 7
 5 2 9 4 8 6 7 1 A 0 B 3
 5 2 9 4 A 1 B 0 8 6 7 3
 5 2 A 1 B 0 7 6 4 8 3 9
 5 2 A 1 B 0 7 6 8 4 9 3
 5 2 A 3 8 4 6 7 1 B 0 9
 5 2 A 3 9 0 B 1 6 4 8 7
 5 2 A 4 6 7 3 8 1 B 0 9
 5 2 A 4 9 0 B 1 8 6 7 3
 5 2 B 0 A 3 8 4 6 7 1 9
 5 2 B 0 A 3 9 1 6 4 8 7
 5 2 B 0 A 4 6 7 3 8 1 9
 5 2 B 0 A 4 9 1 8 6 7 3
 5 3 6 0 B 1 A 2 9 4 8 7
 5 3 6 1 9 2 B 0 A 4 8 7
 5 3 6 1 B 0 9 2 A 4 8 7
 5 3 6 2 9 4 A 1 B 0 8 7
 5 3 6 2 A 4 9 0 B 1 8 7
 5 3 6 2 B 0 A 4 9 1 8 7
 5 3 6 7 0 B 1 A 2 8 4 9
 5 3 6 7 2 8 4 B 0 A 1 9
 5 3 6 7 2 A 4 8 1 B 0 9
 5 3 6 7 2 B 0 A 4 8 1 9
 5 3 8 0 B 1 A 4 7 6 2 9
 5 3 8 2 6 7 4 B 0 A 1 9
 5 3 8 4 7 6 0 B 1 A 2 9
 5 3 A 0 B 2 8 4 7 6 1 9
 5 3 A 1 B 0 8 2 6 7 4 9
 5 3 A 2 8 4 7 6 1 B 0 9
 5 3 B 0 A 1 6 7 4 8 2 9
 5 3 B 0 A 1 8 2 6 7 4 9
 5 4 6 2 9 3 8 0 B 1 A 7
 5 4 6 3 8 2 9 1 A 0 B 7
 5 4 7 0 B 1 A 2 6 8 3 9
 5 4 7 1 9 2 B 0 A 6 8 3
 5 4 7 1 A 0 B 3 8 6 2 9
 5 4 7 1 B 0 9 2 A 6 8 3
 5 4 7 2 6 8 0 B 1 A 3 9
 5 4 7 2 6 8 1 A 0 B 3 9
 5 4 7 2 A 6 8 1 B 0 9 3
 5 4 7 2 B 0 A 6 8 1 9 3
 5 4 7 3 8 6 0 B 1 A 2 9
 5 4 7 3 A 0 B 2 8 6 1 9
 5 4 7 3 A 2 8 6 1 B 0 9
 5 4 7 3 B 0 A 1 6 8 2 9
 5 4 8 2 A 3 6 1 B 0 9 7
 5 4 8 2 B 0 A 3 6 1 9 7
 5 4 8 3 6 0 B 1 A 2 9 7
 5 4 8 6 3 A 0 B 2 7 1 9
 5 4 8 6 3 A 2 7 1 B 0 9
 5 4 8 6 3 B 0 A 1 7 2 9
 5 4 8 6 9 0 B 1 7 2 A 3
 5 4 8 6 9 1 7 2 B 0 A 3
 5 4 8 6 9 2 7 1 A 0 B 3
 5 4 9 6 8 2 A 1 B 0 7 3
 5 4 A 0 B 2 6 3 8 1 9 7
 5 4 A 0 B 2 7 3 6 8 1 9
 5 4 A 1 B 0 8 3 6 2 9 7
 5 4 A 1 B 0 8 6 3 7 2 9
 5 4 A 1 B 0 8 6 9 2 7 3
 5 4 A 2 6 3 8 1 B 0 9 7
 5 4 A 2 7 3 6 8 1 B 0 9
 5 4 B 0 A 1 9 6 8 2 7 3
 5 6 0 B 1 A 2 9 7 4 8 3
 5 6 1 9 7 4 8 2 B 0 A 3
 5 6 1 B 0 9 7 4 8 2 A 3
 5 6 2 9 7 4 A 1 B 0 8 3
 5 6 2 A 4 7 9 0 B 1 8 3
 5 6 2 B 0 A 4 7 9 1 8 3
 5 6 4 7 3 8 2 9 1 A 0 B
 5 6 4 7 B 0 A 1 9 2 8 3
 5 6 4 8 0 B 1 A 7 2 9 3
 5 6 4 9 0 B 1 8 2 A 7 3
 5 6 4 9 1 8 2 B 0 A 7 3
 5 6 4 9 2 8 0 B 1 A 7 3
 5 6 8 2 9 4 1 A 0 B 3 7
 5 6 8 2 9 4 7 3 B 0 A 1
 5 6 8 2 A 3 7 4 9 0 B 1
 5 6 8 2 B 0 A 3 7 4 9 1
 5 6 8 3 7 4 A 0 B 2 9 1
 5 6 8 3 7 4 A 2 9 0 B 1
 5 6 8 3 9 2 A 1 B 0 4 7
 5 6 8 4 1 9 3 A 0 B 2 7
 5 6 8 4 1 A 0 B 3 9 2 7
 5 6 8 4 1 B 0 9 3 A 2 7
 5 6 8 4 7 2 9 3 B 0 A 1
 5 6 8 4 7 2 A 3 9 0 B 1
 5 6 8 4 7 2 B 0 A 3 9 1
 5 6 9 1 A 0 B 4 2 8 3 7
 5 6 9 2 4 8 3 B 0 A 1 7
 5 6 9 2 4 A 1 B 0 8 3 7
 5 6 9 3 8 4 2 A 1 B 0 7
 5 6 9 3 A 1 B 0 8 4 2 7
 5 6 9 3 B 0 A 1 8 4 2 7
 5 6 9 4 2 8 0 B 1 A 3 7
 5 6 9 4 2 8 1 A 0 B 3 7
 5 6 A 1 B 0 8 3 9 2 4 7
 5 7 6 3 8 4 A 0 B 2 9 1
 5 7 6 3 8 4 A 2 9 0 B 1
 5 7 6 3 A 0 B 2 8 4 9 1
 5 7 6 3 A 2 8 4 9 0 B 1
 5 7 8 0 B 1 A 4 9 2 6 3
 5 7 8 1 9 4 A 0 B 2 6 3
 5 7 8 1 B 0 9 4 A 2 6 3
 5 7 8 4 9 2 A 1 B 0 6 3
 5 7 8 4 A 0 B 2 9 1 6 3
 5 7 8 4 A 2 9 0 B 1 6 3
 5 8 0 B 1 A 3 9 4 2 6 7
 5 8 0 B 1 A 6 4 3 9 2 7
 5 8 1 9 3 4 6 A 0 B 2 7
 5 8 1 A 0 B 3 9 4 2 6 7
 5 8 1 B 0 9 3 4 6 A 2 7
 5 8 2 9 1 A 0 B 6 4 3 7
 5 8 2 9 4 6 7 3 B 0 A 1
 5 8 2 A 3 7 6 4 9 0 B 1
 5 8 2 B 0 A 3 7 6 4 9 1
 5 8 3 4 6 A 0 B 2 9 1 7
 5 8 3 4 6 A 2 9 0 B 1 7
 5 8 3 7 6 4 A 0 B 2 9 1
 5 8 3 7 6 4 A 2 9 0 B 1
 5 8 3 9 1 A 0 B 4 2 6 7
 5 8 3 9 2 A 1 B 0 4 6 7
 5 8 4 2 9 3 B 0 A 1 6 7
 5 8 4 2 A 3 9 0 B 1 6 7
 5 8 4 2 B 0 A 3 9 1 6 7
 5 8 4 6 7 2 9 3 B 0 A 1
 5 8 4 6 7 2 A 3 9 0 B 1
 5 8 4 6 7 2 B 0 A 3 9 1
 5 8 6 0 B 1 A 2 9 4 3 7
 5 8 6 1 9 2 B 0 A 4 3 7
 5 8 6 1 B 0 9 2 A 4 3 7
 5 8 6 2 9 4 3 B 0 A 1 7
 5 8 6 2 A 3 4 9 0 B 1 7
 5 8 6 2 B 0 A 3 4 9 1 7
 5 8 7 0 B 1 A 2 6 4 9 3
 5 8 7 1 9 4 6 2 B 0 A 3
 5 8 7 1 B 0 9 4 6 2 A 3
 5 8 7 2 6 4 B 0 A 1 9 3
 5 9 0 B 1 6 4 7 8 2 A 3
 5 9 0 B 1 6 8 2 A 3 4 7
 5 9 0 B 1 8 6 3 4 A 2 7
 5 9 0 B 1 8 7 2 A 4 6 3
 5 9 1 6 4 7 8 2 B 0 A 3
 5 9 1 6 8 2 B 0 A 3 4 7
 5 9 1 8 6 3 4 A 0 B 2 7
 5 9 1 8 7 2 B 0 A 4 6 3
 5 9 1 A 0 B 4 2 8 3 6 7
 5 9 1 A 0 B 4 3 6 8 2 7
 5 9 2 4 A 1 B 0 8 3 6 7
 5 9 2 7 8 0 B 1 A 4 6 3
 5 9 2 8 3 B 0 A 1 4 6 7
 5 9 2 8 6 1 A 0 B 3 4 7
 5 9 2 8 7 4 6 1 A 0 B 3
 5 9 2 A 1 B 0 6 4 7 8 3
 5 9 2 A 1 B 0 6 8 3 4 7
 5 9 4 2 8 0 B 1 A 3 6 7
 5 9 4 2 8 1 A 0 B 3 6 7
 5 9 4 3 6 8 2 A 1 B 0 7
 5 9 6 4 3 8 2 A 1 B 0 7
 5 9 6 4 3 A 1 B 0 8 2 7
 5 9 6 4 3 B 0 A 1 8 2 7
 5 A 0 B 2 4 8 1 9 3 6 7
 5 A 0 B 2 6 4 7 8 1 9 3
 5 A 0 B 2 6 8 1 9 3 4 7
 5 A 0 B 2 8 1 9 6 4 3 7
 5 A 0 B 2 9 1 7 8 4 6 3
 5 A 1 B 0 8 2 9 6 4 3 7
 5 A 1 B 0 8 4 2 9 3 6 7
 5 A 1 B 0 8 6 2 9 3 4 7
 5 A 1 B 0 8 7 4 6 2 9 3
 5 A 2 4 8 1 B 0 9 3 6 7
 5 A 2 6 4 7 8 1 B 0 9 3
 5 A 2 6 8 1 B 0 9 3 4 7
 5 A 2 8 1 B 0 9 6 4 3 7
 5 A 2 9 0 B 1 7 8 4 6 3
 5 B 0 A 1 9 2 4 8 3 6 7
 5 B 0 A 1 9 2 6 4 7 8 3
 5 B 0 A 1 9 2 6 8 3 4 7
 5 B 0 A 1 9 2 7 8 4 6 3
 6 0 B 1 A 2 9 4 3 7 5 8
 6 0 B 1 A 2 9 5 3 8 7 4
 6 0 B 1 A 2 9 5 7 4 3 8
 6 0 B 1 A 2 9 7 3 8 5 4
 6 1 9 2 B 0 A 4 3 7 5 8
 6 1 9 3 A 0 B 2 5 7 8 4
 6 1 9 5 3 A 0 B 2 8 7 4
 6 1 9 5 7 4 3 A 0 B 2 8
 6 1 9 7 3 A 0 B 2 8 5 4
 6 1 A 0 B 3 4 7 5 9 2 8
 6 1 A 0 B 3 5 9 2 8 7 4
 6 1 A 0 B 3 7 9 2 8 5 4
 6 1 A 0 B 3 9 2 5 7 8 4
 6 1 B 0 9 2 A 4 3 7 5 8
 6 1 B 0 9 3 A 2 5 7 8 4
 6 1 B 0 9 5 3 A 2 8 7 4
 6 1 B 0 9 5 7 4 3 A 2 8
 6 1 B 0 9 7 3 A 2 8 5 4
 6 2 5 7 8 0 B 1 A 3 9 4
 6 2 5 7 8 1 A 0 B 3 9 4
 6 2 5 7 8 3 9 1 A 0 B 4
 6 2 7 8 5 3 9 1 A 0 B 4
 6 2 7 9 3 A 1 B 0 8 5 4
 6 2 7 9 3 B 0 A 1 8 5 4
 6 2 9 1 A 0 B 5 3 8 7 4
 6 2 9 1 A 0 B 5 7 4 3 8
 6 2 9 3 4 7 5 A 1 B 0 8
 6 2 9 3 5 A 1 B 0 8 7 4
 6 2 9 3 8 0 B 1 A 7 5 4
 6 2 9 4 3 B 0 A 1 7 5 8
 6 2 9 7 1 A 0 B 3 8 5 4
 6 2 A 1 B 0 7 8 5 3 9 4
 6 2 A 1 B 0 7 9 3 8 5 4
 6 2 A 3 4 9 0 B 1 7 5 8
 6 2 A 3 5 8 7 1 B 0 9 4
 6 2 A 5 3 9 0 B 1 8 7 4
 6 2 A 5 7 4 3 9 0 B 1 8
 6 2 B 0 A 3 4 9 1 7 5 8
 6 2 B 0 A 3 5 8 7 1 9 4
 6 2 B 0 A 5 3 9 1 8 7 4
 6 2 B 0 A 5 7 4 3 9 1 8
 6 3 4 9 5 7 0 B 1 A 2 8
 6 3 4 A 0 B 2 7 5 9 1 8
 6 3 4 A 2 7 5 9 0 B 1 8
 6 3 4 B 0 A 1 9 5 7 2 8
 6 3 5 9 0 B 1 8 7 2 A 4
 6 3 5 9 1 8 7 2 B 0 A 4
 6 3 5 9 2 7 8 0 B 1 A 4
 6 3 5 A 0 B 2 9 1 7 8 4
 6 3 5 A 2 9 0 B 1 7 8 4
 6 3 5 B 0 A 1 9 2 7 8 4
 6 3 7 5 4 9 0 B 1 8 2 A
 6 3 7 5 4 9 1 8 2 B 0 A
 6 3 7 5 4 9 2 8 0 B 1 A
 6 3 7 9 0 B 1 8 2 A 5 4
 6 3 7 9 1 8 2 B 0 A 5 4
 6 3 7 9 2 8 0 B 1 A 5 4
 6 3 8 2 9 1 A 0 B 7 5 4
 6 3 8 2 A 1 B 0 7 9 5 4
 6 3 8 4 5 7 1 9 2 B 0 A
 6 3 8 4 5 7 1 B 0 9 2 A
 6 3 8 7 5 1 9 2 B 0 A 4
 6 3 8 7 5 1 B 0 9 2 A 4
 6 3 9 0 B 1 8 4 5 7 2 A
 6 3 9 1 8 4 5 7 2 B 0 A
 6 3 9 2 7 5 4 8 0 B 1 A
 6 3 9 2 A 1 B 0 5 7 8 4
 6 3 A 0 B 2 8 7 5 1 9 4
 6 3 A 1 B 0 8 2 7 9 5 4
 6 3 A 2 8 7 5 1 B 0 9 4
 6 3 B 0 A 1 5 7 8 2 9 4
 6 3 B 0 A 1 8 2 7 9 5 4
 6 4 3 7 1 9 2 B 0 A 5 8
 6 4 3 7 1 B 0 9 2 A 5 8
 6 4 3 7 2 9 1 A 0 B 5 8
 6 4 3 A 0 B 2 7 1 9 5 8
 6 4 3 A 2 7 1 B 0 9 5 8
 6 4 3 B 0 A 1 7 2 9 5 8
 6 4 5 8 1 9 3 7 2 B 0 A
 6 4 5 8 1 B 0 9 3 7 2 A
 6 4 5 8 3 7 1 9 2 B 0 A
 6 4 5 8 3 7 1 B 0 9 2 A
 6 5 1 A 0 B 3 8 2 9 7 4
 6 5 2 7 9 3 A 1 B 0 8 4
 6 5 2 7 9 3 B 0 A 1 8 4
 6 5 2 8 0 B 1 A 3 7 9 4
 6 5 2 8 1 A 0 B 3 7 9 4
 6 5 2 8 3 7 9 1 A 0 B 4
 6 5 2 9 7 1 A 0 B 3 8 4
 6 5 2 9 7 3 8 0 B 1 A 4
 6 5 2 A 1 B 0 7 9 3 8 4
 6 5 3 7 4 9 0 B 1 8 2 A
 6 5 3 7 4 9 1 8 2 B 0 A
 6 5 3 7 4 9 2 8 0 B 1 A
 6 5 3 7 A 0 B 2 8 1 9 4
 6 5 3 7 A 1 B 0 8 2 9 4
 6 5 3 7 A 2 8 1 B 0 9 4
 6 5 3 8 2 9 1 A 0 B 7 4
 6 5 3 8 4 7 1 9 2 B 0 A
 6 5 3 8 4 7 1 B 0 9 2 A
 6 5 3 9 0 B 1 8 4 7 2 A
 6 5 3 9 1 8 4 7 2 B 0 A
 6 5 3 9 2 7 4 8 0 B 1 A
 6 5 3 9 2 7 A 1 B 0 8 4
 6 5 7 2 9 3 B 0 A 1 4 8
 6 5 7 2 A 3 9 0 B 1 4 8
 6 5 7 2 B 0 A 3 9 1 4 8
 6 5 7 3 B 0 A 1 4 9 2 8
 6 5 7 4 0 B 1 A 2 9 3 8
 6 5 7 4 8 3 9 2 A 1 B 0
 6 5 9 0 B 1 7 4 2 A 3 8
 6 5 9 1 7 4 2 B 0 A 3 8
 6 5 9 2 4 7 1 A 0 B 3 8
 6 5 A 0 B 2 4 7 3 9 1 8
 6 5 A 2 4 7 3 9 0 B 1 8
 6 5 B 0 A 1 9 2 4 7 3 8
 6 7 0 B 1 A 2 5 3 9 4 8
 6 7 1 9 4 8 5 3 A 0 B 2
 6 7 1 9 5 8 3 A 0 B 2 4
 6 7 1 A 0 B 3 5 2 9 4 8
 6 7 1 A 0 B 3 5 8 4 9 2
 6 7 1 A 0 B 3 8 5 9 2 4
 6 7 1 B 0 9 4 8 5 3 A 2
 6 7 1 B 0 9 5 8 3 A 2 4
 6 7 2 5 3 9 1 A 0 B 4 8
 6 7 3 5 2 9 4 A 1 B 0 8
 6 7 3 5 2 A 4 9 0 B 1 8
 6 7 3 5 2 B 0 A 4 9 1 8
 6 7 3 5 8 0 B 1 A 4 9 2
 6 7 3 5 8 1 9 4 A 0 B 2
 6 7 3 5 8 1 B 0 9 4 A 2
 6 7 3 8 5 B 0 A 1 9 2 4
 6 7 3 9 0 B 1 8 5 A 2 4
 6 7 3 9 1 8 5 A 0 B 2 4
 6 7 4 8 0 B 1 A 5 3 9 2
 6 7 4 8 1 9 3 5 A 0 B 2
 6 7 4 8 1 B 0 9 3 5 A 2
 6 7 4 8 3 5 B 0 A 1 9 2
 6 7 4 9 0 B 1 5 3 A 2 8
 6 7 4 9 1 5 3 A 0 B 2 8
 6 7 4 9 5 3 A 1 B 0 8 2
 6 7 4 9 5 3 B 0 A 1 8 2
 6 7 4 A 0 B 2 9 1 5 3 8
 6 7 4 A 1 B 0 8 3 5 9 2
 6 7 4 A 2 9 0 B 1 5 3 8
 6 7 4 B 0 A 1 9 5 3 8 2
 6 7 5 8 3 9 2 A 1 B 0 4
 6 7 5 9 2 8 3 B 0 A 1 4
 6 8 0 B 1 A 3 9 5 4 7 2
 6 8 0 B 1 A 5 4 7 3 9 2
 6 8 1 9 3 7 4 5 A 0 B 2
 6 8 1 A 0 B 3 9 5 4 7 2
 6 8 1 B 0 9 3 7 4 5 A 2
 6 8 3 7 4 5 B 0 A 1 9 2
 6 8 3 9 5 4 7 0 B 1 A 2
 6 8 3 B 0 A 1 7 4 5 9 2
 6 8 5 4 9 0 B 1 7 3 A 2
 6 8 5 4 9 1 7 3 A 0 B 2
 6 8 5 4 9 3 7 0 B 1 A 2
 6 8 5 4 B 0 A 1 9 3 7 2
 6 8 5 9 0 B 1 7 2 A 3 4
 6 8 5 9 1 7 2 B 0 A 3 4
 6 8 5 9 2 7 1 A 0 B 3 4
 6 8 5 A 0 B 2 9 1 7 3 4
 6 8 5 A 2 9 0 B 1 7 3 4
 6 8 5 B 0 A 1 9 2 7 3 4
 6 9 0 B 1 7 2 A 3 5 4 8
 6 9 0 B 1 7 5 4 8 3 A 2
 6 9 0 B 1 8 2 A 5 7 3 4
 6 9 0 B 1 8 3 7 5 4 A 2
 6 9 1 7 2 B 0 A 3 5 4 8
 6 9 1 7 5 4 8 3 A 0 B 2
 6 9 1 8 2 B 0 A 5 7 3 4
 6 9 1 8 3 7 5 4 A 0 B 2
 6 9 1 A 0 B 4 5 3 7 2 8
 6 9 1 A 0 B 4 5 7 3 8 2
 6 9 2 7 1 A 0 B 3 5 4 8
 6 9 2 7 3 5 4 A 1 B 0 8
 6 9 2 8 0 B 1 A 5 7 3 4
 6 9 3 8 4 5 7 0 B 1 A 2
 6 9 3 A 1 B 0 8 4 5 7 2
 6 9 3 B 0 A 1 8 4 5 7 2
 6 9 4 5 3 7 0 B 1 A 2 8
 6 9 4 5 7 3 A 1 B 0 8 2
 6 9 4 5 7 3 B 0 A 1 8 2
 6 9 5 7 0 B 1 A 2 8 3 4
 6 9 5 7 2 8 0 B 1 A 3 4
 6 9 5 7 2 8 1 A 0 B 3 4
 6 A 0 B 2 7 4 5 3 9 1 8
 6 A 0 B 2 7 5 8 1 9 3 4
 6 A 0 B 2 9 1 7 4 5 3 8
 6 A 0 B 2 9 1 7 5 8 3 4
 6 A 1 B 0 8 5 7 2 9 3 4
 6 A 2 7 4 5 3 9 0 B 1 8
 6 A 2 7 5 8 1 B 0 9 3 4
 6 A 2 9 0 B 1 7 4 5 3 8
 6 A 2 9 0 B 1 7 5 8 3 4
 6 B 0 A 1 9 2 8 5 7 3 4
 7 0 B 1 A 2 4 8 3 9 6 5
 7 0 B 1 A 2 5 6 4 8 3 9
 7 0 B 1 A 2 5 6 8 4 9 3
 7 0 B 1 A 2 6 4 5 8 3 9
 7 0 B 1 A 2 6 8 5 4 9 3
 7 0 B 1 A 2 8 3 4 6 9 5
 7 0 B 1 A 2 8 3 6 4 5 9
 7 0 B 1 A 2 8 4 9 6 5 3
 7 0 B 1 A 2 8 6 3 4 9 5
 7 1 9 2 B 0 A 5 4 8 6 3
 7 1 9 2 B 0 A 6 4 3 8 5
 7 1 9 2 B 0 A 6 4 5 8 3
 7 1 9 4 3 A 0 B 2 6 8 5
 7 1 9 4 5 8 6 2 B 0 A 3
 7 1 9 4 8 6 5 2 B 0 A 3
 7 1 A 0 B 3 4 9 2 6 8 5
 7 1 A 0 B 3 8 4 2 9 6 5
 7 1 A 0 B 3 8 4 6 5 2 9
 7 1 A 0 B 3 8 5 4 6 2 9
 7 1 B 0 9 2 A 5 4 8 6 3
 7 1 B 0 9 2 A 6 4 3 8 5
 7 1 B 0 9 2 A 6 4 5 8 3
 7 1 B 0 9 4 3 A 2 6 8 5
 7 1 B 0 9 4 5 8 6 2 A 3
 7 1 B 0 9 4 8 6 5 2 A 3
 7 2 4 8 0 B 1 A 3 9 6 5
 7 2 4 8 1 A 0 B 3 9 6 5
 7 2 5 6 4 8 0 B 1 A 3 9
 7 2 5 6 4 8 1 A 0 B 3 9
 7 2 5 6 8 4 B 0 A 1 9 3
 7 2 6 4 5 8 0 B 1 A 3 9
 7 2 6 4 5 8 1 A 0 B 3 9
 7 2 6 8 5 4 B 0 A 1 9 3
 7 2 8 0 B 1 A 3 4 6 9 5
 7 2 8 0 B 1 A 3 6 4 5 9
 7 2 8 1 A 0 B 3 4 6 9 5
 7 2 8 1 A 0 B 3 6 4 5 9
 7 2 8 4 B 0 A 1 9 6 5 3
 7 2 8 6 3 4 B 0 A 1 9 5
 7 2 9 1 A 0 B 5 4 8 6 3
 7 2 9 3 4 6 A 1 B 0 8 5
 7 2 9 3 B 0 A 1 4 8 6 5
 7 2 9 5 4 A 1 B 0 8 6 3
 7 2 A 3 9 0 B 1 4 8 6 5
 7 2 A 4 3 6 8 1 B 0 9 5
 7 2 A 4 5 9 0 B 1 8 6 3
 7 2 A 4 8 1 B 0 9 6 5 3
 7 2 A 6 4 3 9 0 B 1 8 5
 7 2 A 6 4 5 8 1 B 0 9 3
 7 2 B 0 A 3 9 1 4 8 6 5
 7 2 B 0 A 4 3 6 8 1 9 5
 7 2 B 0 A 4 5 9 1 8 6 3
 7 2 B 0 A 4 8 1 9 6 5 3
 7 2 B 0 A 6 4 3 9 1 8 5
 7 2 B 0 A 6 4 5 8 1 9 3
 7 3 4 6 9 0 B 1 8 2 A 5
 7 3 4 6 9 1 8 2 B 0 A 5
 7 3 4 6 9 2 8 0 B 1 A 5
 7 3 4 6 B 0 A 1 9 2 8 5
 7 3 4 9 2 A 1 B 0 6 8 5
 7 3 4 A 0 B 2 9 1 6 8 5
 7 3 4 A 2 9 0 B 1 6 8 5
 7 3 6 4 5 A 0 B 2 8 1 9
 7 3 6 4 5 A 1 B 0 8 2 9
 7 3 6 4 5 A 2 8 1 B 0 9
 7 3 8 0 B 1 A 4 2 9 6 5
 7 3 8 0 B 1 A 4 6 5 2 9
 7 3 8 2 4 B 0 A 1 9 6 5
 7 3 8 2 5 6 4 B 0 A 1 9
 7 3 8 5 4 6 0 B 1 A 2 9
 7 3 8 5 6 4 A 0 B 2 9 1
 7 3 8 5 6 4 A 2 9 0 B 1
 7 3 A 0 B 2 8 5 4 6 1 9
 7 3 A 0 B 2 8 5 6 4 9 1
 7 3 A 1 B 0 8 2 4 9 6 5
 7 3 A 1 B 0 8 2 5 6 4 9
 7 3 A 2 8 5 4 6 1 B 0 9
 7 3 A 2 8 5 6 4 9 0 B 1
 7 3 B 0 A 1 4 9 2 8 6 5
 7 3 B 0 A 1 6 4 5 8 2 9
 7 3 B 0 A 1 8 2 4 9 6 5
 7 3 B 0 A 1 8 2 5 6 4 9
 7 4 0 B 1 A 2 9 3 8 6 5
 7 4 2 9 3 8 0 B 1 A 6 5
 7 4 3 8 6 0 B 1 A 2 9 5
 7 4 3 8 6 2 9 1 A 0 B 5
 7 4 3 9 0 B 1 8 6 2 A 5
 7 4 3 9 1 8 6 2 B 0 A 5
 7 4 3 9 2 6 8 0 B 1 A 5
 7 4 3 A 0 B 2 8 6 1 9 5
 7 4 3 A 2 8 6 1 B 0 9 5
 7 4 3 B 0 A 1 6 8 2 9 5
 7 4 5 9 0 B 1 6 8 2 A 3
 7 4 5 9 1 6 8 2 B 0 A 3
 7 4 5 9 2 8 6 1 A 0 B 3
 7 4 5 9 2 A 1 B 0 6 8 3
 7 4 5 A 0 B 2 6 8 1 9 3
 7 4 5 A 1 B 0 8 6 2 9 3
 7 4 5 A 2 6 8 1 B 0 9 3
 7 4 5 B 0 A 1 9 2 6 8 3
 7 4 6 5 1 A 0 B 3 8 2 9
 7 4 6 5 9 2 8 3 B 0 A 1
 7 4 8 2 9 1 A 0 B 6 5 3
 7 4 8 2 A 3 5 6 1 B 0 9
 7 4 8 2 B 0 A 3 5 6 1 9
 7 4 8 3 5 6 0 B 1 A 2 9
 7 4 8 6 5 0 B 1 A 2 9 3
 7 4 9 0 B 1 5 6 8 2 A 3
 7 4 9 0 B 1 8 2 A 6 5 3
 7 4 9 1 5 6 8 2 B 0 A 3
 7 4 9 1 8 2 B 0 A 6 5 3
 7 4 9 2 8 0 B 1 A 6 5 3
 7 4 9 2 8 6 5 1 A 0 B 3
 7 4 A 0 B 2 6 5 3 8 1 9
 7 4 A 0 B 2 9 1 5 6 8 3
 7 4 A 1 B 0 8 3 5 6 2 9
 7 4 A 2 6 5 3 8 1 B 0 9
 7 4 A 2 9 0 B 1 5 6 8 3
 7 5 4 8 2 9 1 A 0 B 6 3
 7 5 4 8 2 9 6 1 A 0 B 3
 7 5 4 8 2 A 3 6 1 B 0 9
 7 5 4 8 2 B 0 A 3 6 1 9
 7 5 4 8 3 6 0 B 1 A 2 9
 7 5 4 9 0 B 1 8 2 A 6 3
 7 5 4 9 1 8 2 B 0 A 6 3
 7 5 4 9 2 8 0 B 1 A 6 3
 7 5 4 9 6 2 8 0 B 1 A 3
 7 5 4 9 6 2 8 1 A 0 B 3
 7 5 4 A 0 B 2 6 3 8 1 9
 7 5 4 A 0 B 2 6 9 1 8 3
 7 5 4 A 1 B 0 8 3 6 2 9
 7 5 4 A 2 6 3 8 1 B 0 9
 7 5 4 A 2 6 9 0 B 1 8 3
 7 5 4 B 0 A 1 9 6 2 8 3
 7 5 6 3 8 4 A 0 B 2 9 1
 7 5 6 3 8 4 A 2 9 0 B 1
 7 5 6 3 A 0 B 2 8 4 9 1
 7 5 6 3 A 2 8 4 9 0 B 1
 7 6 0 B 1 A 2 9 4 8 5 3
 7 6 1 9 2 B 0 A 4 8 5 3
 7 6 1 9 3 A 0 B 2 4 8 5
 7 6 1 A 0 B 3 9 2 4 8 5
 7 6 1 B 0 9 2 A 4 8 5 3
 7 6 1 B 0 9 3 A 2 4 8 5
 7 6 2 4 9 3 A 1 B 0 8 5
 7 6 2 4 9 3 B 0 A 1 8 5
 7 6 2 4 B 0 A 1 9 3 8 5
 7 6 2 9 4 A 1 B 0 8 5 3
 7 6 2 A 4 9 0 B 1 8 5 3
 7 6 2 B 0 A 4 9 1 8 5 3
 7 6 3 8 0 B 1 A 4 2 9 5
 7 6 3 8 2 4 B 0 A 1 9 5
 7 6 3 8 4 2 9 1 A 0 B 5
 7 6 3 9 0 B 1 8 4 2 A 5
 7 6 3 9 1 8 4 2 B 0 A 5
 7 6 3 9 2 4 8 0 B 1 A 5
 7 6 3 A 1 B 0 8 2 4 9 5
 7 6 3 B 0 A 1 8 2 4 9 5
 7 6 4 0 B 1 A 2 9 3 8 5
 7 6 4 1 A 0 B 3 8 2 9 5
 7 6 4 8 0 B 1 A 5 2 9 3
 7 6 4 8 5 0 B 1 A 2 9 3
 7 6 4 9 0 B 1 5 8 2 A 3
 7 6 4 9 1 5 8 2 B 0 A 3
 7 6 4 9 2 8 5 1 A 0 B 3
 7 6 4 9 5 2 8 0 B 1 A 3
 7 6 4 9 5 2 8 1 A 0 B 3
 7 6 4 A 0 B 2 5 9 1 8 3
 7 6 4 A 0 B 2 9 1 5 8 3
 7 6 4 A 2 5 9 0 B 1 8 3
 7 6 4 A 2 9 0 B 1 5 8 3
 7 6 4 B 0 A 1 9 5 2 8 3
 7 8 0 B 1 A 3 9 4 6 2 5
 7 8 0 B 1 A 4 9 2 6 3 5
 7 8 1 9 4 A 0 B 2 6 3 5
 7 8 1 A 0 B 3 9 4 6 2 5
 7 8 1 B 0 9 4 A 2 6 3 5
 7 8 2 9 4 6 3 B 0 A 1 5
 7 8 2 A 3 6 4 9 0 B 1 5
 7 8 2 B 0 A 3 6 4 9 1 5
 7 8 3 6 4 A 0 B 2 9 1 5
 7 8 3 6 4 A 2 9 0 B 1 5
 7 8 3 9 1 A 0 B 4 6 2 5
 7 8 4 6 1 9 3 A 0 B 2 5
 7 8 4 6 1 A 0 B 3 9 2 5
 7 8 4 6 1 B 0 9 3 A 2 5
 7 8 4 6 3 9 2 A 1 B 0 5
 7 8 4 9 2 A 1 B 0 6 3 5
 7 8 4 A 0 B 2 9 1 6 3 5
 7 8 4 A 2 9 0 B 1 6 3 5
 7 9 0 B 1 6 3 A 2 8 4 5
 7 9 0 B 1 8 3 6 2 A 4 5
 7 9 1 6 3 A 0 B 2 8 4 5
 7 9 1 8 3 6 2 B 0 A 4 5
 7 9 2 6 3 8 0 B 1 A 4 5
 7 9 2 A 1 B 0 6 3 8 4 5
 7 A 1 B 0 8 3 9 2 6 4 5
 7 B 0 A 1 9 2 8 3 6 4 5
 8 0 B 1 A 3 9 4 7 5 6 2
 8 0 B 1 A 3 9 5 2 7 6 4
 8 0 B 1 A 3 9 5 6 4 7 2
 8 0 B 1 A 3 9 6 2 7 5 4
 8 0 B 1 A 4 5 3 7 2 9 6
 8 0 B 1 A 4 9 2 5 3 7 6
 8 0 B 1 A 5 2 9 3 7 6 4
 8 0 B 1 A 5 3 9 2 6 7 4
 8 0 B 1 A 5 6 4 7 3 9 2
 8 0 B 1 A 5 7 4 3 9 2 6
 8 0 B 1 A 6 3 9 2 7 5 4
 8 0 B 1 A 6 5 3 9 2 7 4
 8 1 9 3 4 7 5 A 0 B 2 6
 8 1 9 3 5 4 7 2 B 0 A 6
 8 1 9 3 5 6 A 0 B 2 7 4
 8 1 9 3 5 A 0 B 2 6 7 4
 8 1 9 3 6 A 0 B 2 7 5 4
 8 1 9 3 7 4 2 B 0 A 5 6
 8 1 9 3 7 4 6 5 A 0 B 2
 8 1 9 4 A 0 B 2 5 3 7 6
 8 1 9 5 3 6 7 2 B 0 A 4
 8 1 9 5 7 2 B 0 A 4 3 6
 8 1 9 6 5 3 7 2 B 0 A 4
 8 1 A 0 B 3 9 4 7 5 6 2
 8 1 A 0 B 3 9 5 2 7 6 4
 8 1 A 0 B 3 9 5 6 4 7 2
 8 1 A 0 B 3 9 6 2 7 5 4
 8 1 B 0 9 3 4 7 5 A 2 6
 8 1 B 0 9 3 5 4 7 2 A 6
 8 1 B 0 9 3 5 6 A 2 7 4
 8 1 B 0 9 3 5 A 2 6 7 4
 8 1 B 0 9 3 6 A 2 7 5 4
 8 1 B 0 9 3 7 4 2 A 5 6
 8 1 B 0 9 3 7 4 6 5 A 2
 8 1 B 0 9 4 A 2 5 3 7 6
 8 1 B 0 9 5 3 6 7 2 A 4
 8 1 B 0 9 5 7 2 A 4 3 6
 8 1 B 0 9 6 5 3 7 2 A 4
 8 2 7 3 5 4 B 0 A 1 9 6
 8 2 7 3 5 6 9 1 A 0 B 4
 8 2 7 5 9 1 A 0 B 4 3 6
 8 2 7 6 3 5 9 1 A 0 B 4
 8 2 9 1 A 0 B 6 3 7 5 4
 8 2 9 1 A 0 B 6 5 3 7 4
 8 2 9 4 1 A 0 B 3 7 5 6
 8 2 9 5 3 B 0 A 1 6 7 4
 8 2 9 5 7 4 3 B 0 A 1 6
 8 2 9 6 1 A 0 B 3 7 5 4
 8 2 A 1 B 0 7 3 5 4 9 6
 8 2 A 1 B 0 7 3 5 6 9 4
 8 2 A 1 B 0 7 5 9 4 3 6
 8 2 A 1 B 0 7 6 3 5 9 4
 8 2 A 3 4 7 5 9 0 B 1 6
 8 2 A 3 5 1 B 0 9 4 7 6
 8 2 A 3 5 9 0 B 1 6 7 4
 8 2 A 3 6 7 5 1 B 0 9 4
 8 2 B 0 A 3 4 7 5 9 1 6
 8 2 B 0 A 3 5 1 9 4 7 6
 8 2 B 0 A 3 5 9 1 6 7 4
 8 2 B 0 A 3 6 7 5 1 9 4
 8 3 4 7 5 9 2 A 1 B 0 6
 8 3 4 7 5 B 0 A 1 9 2 6
 8 3 5 1 9 2 B 0 A 4 7 6
 8 3 5 1 B 0 9 2 A 4 7 6
 8 3 5 4 7 1 9 2 B 0 A 6
 8 3 5 4 7 1 B 0 9 2 A 6
 8 3 5 6 A 0 B 2 9 1 7 4
 8 3 5 6 A 2 9 0 B 1 7 4
 8 3 5 9 2 A 1 B 0 6 7 4
 8 3 5 B 0 A 1 9 2 6 7 4
 8 3 6 7 5 1 9 2 B 0 A 4
 8 3 6 7 5 1 B 0 9 2 A 4
 8 3 6 A 0 B 2 9 1 7 5 4
 8 3 6 A 2 9 0 B 1 7 5 4
 8 3 7 4 2 9 1 A 0 B 5 6
 8 3 7 4 6 5 B 0 A 1 9 2
 8 3 9 1 A 0 B 4 7 5 6 2
 8 3 9 2 A 1 B 0 4 7 5 6
 8 3 9 5 2 A 1 B 0 7 6 4
 8 3 9 5 6 4 7 0 B 1 A 2
 8 3 9 6 2 A 1 B 0 7 5 4
 8 3 A 0 B 2 4 7 1 9 5 6
 8 3 A 0 B 2 5 9 1 7 6 4
 8 3 A 0 B 2 6 9 1 7 5 4
 8 3 A 2 4 7 1 B 0 9 5 6
 8 3 A 2 5 9 0 B 1 7 6 4
 8 3 A 2 6 9 0 B 1 7 5 4
 8 3 B 0 A 1 7 4 2 9 5 6
 8 3 B 0 A 1 7 4 6 5 9 2
 8 4 1 9 3 A 0 B 2 7 5 6
 8 4 1 A 0 B 3 9 2 7 5 6
 8 4 1 B 0 9 3 A 2 7 5 6
 8 4 5 3 A 0 B 2 7 1 9 6
 8 4 5 3 A 2 7 1 B 0 9 6
 8 4 5 3 B 0 A 1 7 2 9 6
 8 4 7 5 6 1 9 3 A 0 B 2
 8 4 7 5 6 1 A 0 B 3 9 2
 8 4 7 5 6 1 B 0 9 3 A 2
 8 4 9 0 B 1 7 5 6 3 A 2
 8 4 9 1 7 5 6 3 A 0 B 2
 8 4 9 2 5 3 B 0 A 1 7 6
 8 4 9 3 5 2 A 1 B 0 7 6
 8 4 9 3 6 5 7 0 B 1 A 2
 8 4 B 0 A 1 9 3 5 2 7 6
 8 4 B 0 A 1 9 3 6 5 7 2
 8 5 0 B 1 A 2 9 3 7 6 4
 8 5 1 9 3 A 0 B 2 7 6 4
 8 5 1 A 0 B 3 9 2 7 6 4
 8 5 1 B 0 9 3 A 2 7 6 4
 8 5 3 7 6 0 B 1 A 2 9 4
 8 5 3 7 6 1 9 2 B 0 A 4
 8 5 3 7 6 1 B 0 9 2 A 4
 8 5 3 A 0 B 2 6 7 1 9 4
 8 5 3 A 2 6 7 1 B 0 9 4
 8 5 3 B 0 A 1 7 6 2 9 4
 8 5 6 4 9 0 B 1 7 3 A 2
 8 5 6 4 9 1 7 3 A 0 B 2
 8 5 6 4 9 3 7 0 B 1 A 2
 8 5 6 4 B 0 A 1 9 3 7 2
 8 5 7 1 9 4 3 A 0 B 2 6
 8 5 7 1 A 0 B 3 4 9 2 6
 8 5 7 1 B 0 9 4 3 A 2 6
 8 5 7 3 4 9 2 A 1 B 0 6
 8 5 7 3 4 A 0 B 2 9 1 6
 8 5 7 3 4 A 2 9 0 B 1 6
 8 5 9 0 B 1 7 2 A 3 4 6
 8 5 9 1 7 2 B 0 A 3 4 6
 8 5 9 2 7 1 A 0 B 3 4 6
 8 5 A 0 B 2 9 1 7 3 4 6
 8 5 A 2 9 0 B 1 7 3 4 6
 8 5 B 0 A 1 9 2 7 3 4 6
 8 6 3 7 1 9 2 B 0 A 5 4
 8 6 3 7 1 B 0 9 2 A 5 4
 8 6 3 7 2 9 1 A 0 B 5 4
 8 6 3 A 0 B 2 7 1 9 5 4
 8 6 3 A 2 7 1 B 0 9 5 4
 8 6 3 B 0 A 1 7 2 9 5 4
 8 6 5 0 B 1 A 2 9 3 7 4
 8 6 5 1 9 3 A 0 B 2 7 4
 8 6 5 1 A 0 B 3 9 2 7 4
 8 6 5 1 B 0 9 3 A 2 7 4
 8 6 5 2 7 3 9 1 A 0 B 4
 8 6 5 2 A 1 B 0 7 3 9 4
 8 6 5 2 A 3 7 1 B 0 9 4
 8 6 5 2 B 0 A 3 7 1 9 4
 9 0 B 1 6 3 A 2 8 4 5 7
 9 0 B 1 6 4 5 8 2 A 3 7
 9 0 B 1 6 5 3 A 2 8 4 7
 9 0 B 1 6 5 7 4 8 2 A 3
 9 0 B 1 6 7 4 8 2 A 3 5
 9 0 B 1 6 8 2 A 3 7 4 5
 9 0 B 1 7 2 A 3 6 8 4 5
 9 0 B 1 7 6 4 8 3 A 2 5
 9 0 B 1 8 2 A 5 4 6 3 7
 9 0 B 1 8 2 A 5 6 4 7 3
 9 0 B 1 8 3 5 6 2 A 4 7
 9 0 B 1 8 3 6 2 A 4 5 7
 9 0 B 1 8 3 7 6 4 A 2 5
 9 0 B 1 8 4 A 2 7 5 6 3
 9 0 B 1 8 4 A 2 7 6 3 5
 9 0 B 1 8 5 6 4 A 2 7 3
 9 0 B 1 8 6 3 7 2 A 4 5
 9 1 6 3 A 0 B 2 8 4 5 7
 9 1 6 4 5 8 2 B 0 A 3 7
 9 1 6 5 3 A 0 B 2 8 4 7
 9 1 6 5 7 4 8 2 B 0 A 3
 9 1 6 7 4 8 2 B 0 A 3 5
 9 1 6 8 2 B 0 A 3 7 4 5
 9 1 7 2 B 0 A 3 6 8 4 5
 9 1 7 6 4 8 3 A 0 B 2 5
 9 1 8 2 B 0 A 5 4 6 3 7
 9 1 8 2 B 0 A 5 6 4 7 3
 9 1 8 3 5 6 2 B 0 A 4 7
 9 1 8 3 6 2 B 0 A 4 5 7
 9 1 8 3 7 6 4 A 0 B 2 5
 9 1 8 4 A 0 B 2 7 5 6 3
 9 1 8 4 A 0 B 2 7 6 3 5
 9 1 8 5 6 4 A 0 B 2 7 3
 9 1 8 6 3 7 2 B 0 A 4 5
 9 1 A 0 B 4 6 5 2 8 3 7
 9 1 A 0 B 4 6 5 8 2 7 3
 9 1 A 0 B 4 6 7 3 8 2 5
 9 1 A 0 B 4 7 5 6 2 8 3
 9 1 A 0 B 4 7 6 2 8 3 5
 9 1 A 0 B 4 8 2 7 5 6 3
 9 1 A 0 B 4 8 2 7 6 3 5
 9 2 5 6 4 8 3 B 0 A 1 7
 9 2 5 6 4 A 1 B 0 8 3 7
 9 2 6 3 8 0 B 1 A 4 5 7
 9 2 6 4 5 8 3 B 0 A 1 7
 9 2 6 5 3 8 0 B 1 A 4 7
 9 2 6 5 7 4 A 1 B 0 8 3
 9 2 6 7 4 A 1 B 0 8 3 5
 9 2 6 8 3 B 0 A 1 7 4 5
 9 2 7 1 A 0 B 3 6 8 4 5
 9 2 7 3 6 8 0 B 1 A 4 5
 9 2 8 0 B 1 A 5 4 6 3 7
 9 2 8 0 B 1 A 5 6 4 7 3
 9 2 8 3 B 0 A 1 5 6 4 7
 9 2 8 4 7 5 6 1 A 0 B 3
 9 2 8 4 7 6 1 A 0 B 3 5
 9 2 8 5 4 6 1 A 0 B 3 7
 9 2 8 6 1 A 0 B 3 7 4 5
 9 2 A 1 B 0 6 3 8 4 5 7
 9 2 A 1 B 0 6 4 5 8 3 7
 9 2 A 1 B 0 6 5 3 8 4 7
 9 2 A 1 B 0 6 5 7 4 8 3
 9 2 A 1 B 0 6 7 4 8 3 5
 9 2 A 1 B 0 6 8 3 7 4 5
 9 3 8 4 6 5 2 A 1 B 0 7
 9 3 8 4 6 7 0 B 1 A 2 5
 9 3 8 5 4 6 2 A 1 B 0 7
 9 3 8 6 2 A 1 B 0 7 4 5
 9 3 A 1 B 0 8 4 6 5 2 7
 9 3 A 1 B 0 8 4 6 7 2 5
 9 3 A 1 B 0 8 5 4 6 2 7
 9 3 A 1 B 0 8 6 2 7 4 5
 9 3 B 0 A 1 8 4 6 5 2 7
 9 3 B 0 A 1 8 4 6 7 2 5
 9 3 B 0 A 1 8 5 4 6 2 7
 9 3 B 0 A 1 8 6 2 7 4 5
 9 4 6 5 2 8 0 B 1 A 3 7
 9 4 6 5 2 8 1 A 0 B 3 7
 9 4 6 5 8 2 A 1 B 0 7 3
 9 4 6 7 3 A 1 B 0 8 2 5
 9 4 6 7 3 B 0 A 1 8 2 5
 9 4 7 5 6 2 8 0 B 1 A 3
 9 4 7 5 6 2 8 1 A 0 B 3
 9 4 7 6 2 8 0 B 1 A 3 5
 9 4 7 6 2 8 1 A 0 B 3 5
 9 4 8 2 A 1 B 0 7 5 6 3
 9 4 8 2 A 1 B 0 7 6 3 5
 9 5 4 6 3 8 2 A 1 B 0 7
 9 5 4 6 3 A 1 B 0 8 2 7
 9 5 4 6 3 B 0 A 1 8 2 7
 9 5 6 4 7 0 B 1 A 2 8 3
 9 5 6 4 7 2 8 0 B 1 A 3
 9 5 6 4 7 2 8 1 A 0 B 3
 A 0 B 2 7 3 9 1 8 5 4 6
 A 0 B 2 7 3 9 1 8 5 6 4
 A 0 B 2 7 4 8 1 9 3 5 6
 A 0 B 2 7 5 4 8 1 9 3 6
 A 0 B 2 7 5 6 3 9 1 8 4
 A 0 B 2 8 1 9 4 5 7 3 6
 A 0 B 2 8 1 9 4 7 3 5 6
 A 0 B 2 9 1 7 3 8 5 4 6
 A 0 B 2 9 1 7 3 8 5 6 4
 A 0 B 2 9 1 7 4 8 3 5 6
 A 0 B 2 9 1 7 5 4 8 3 6
 A 0 B 2 9 1 7 5 6 3 8 4
 A 1 B 0 8 2 9 4 5 7 3 6
 A 1 B 0 8 2 9 4 7 3 5 6
 A 1 B 0 8 3 9 2 6 5 7 4
 A 1 B 0 8 4 5 7 2 9 3 6
 A 1 B 0 8 4 7 2 9 3 5 6
 A 2 7 3 9 0 B 1 8 5 4 6
 A 2 7 3 9 0 B 1 8 5 6 4
 A 2 7 4 8 1 B 0 9 3 5 6
 A 2 7 5 4 8 1 B 0 9 3 6
 A 2 7 5 6 3 9 0 B 1 8 4
 A 2 8 1 B 0 9 4 5 7 3 6
 A 2 8 1 B 0 9 4 7 3 5 6
 A 2 9 0 B 1 7 3 8 5 4 6
 A 2 9 0 B 1 7 3 8 5 6 4
 A 2 9 0 B 1 7 4 8 3 5 6
 A 2 9 0 B 1 7 5 4 8 3 6
 A 2 9 0 B 1 7 5 6 3 8 4
 B 0 A 1 9 2 8 3 7 4 6 5
