 0 1 3 2 7 A 8 4 B 5 9 6
 0 1 3 2 9 5 A 4 7 B 8 6
 0 1 3 2 9 7 4 8 B 5 A 6
 0 1 3 7 2 5 B A 8 4 9 6
 0 1 3 7 2 A 8 B 5 4 9 6
 0 1 3 7 2 B 4 A 9 5 8 6
 0 1 3 7 2 B A 4 9 5 8 6
 0 1 3 7 4 2 9 8 B 5 A 6
 0 1 3 7 4 B 9 8 2 5 A 6
 0 1 3 7 5 2 9 8 B 4 A 6
 0 1 3 7 5 2 A 4 9 8 B 6
 0 1 3 7 5 8 4 A 9 2 B 6
 0 1 3 8 2 5 9 7 4 B A 6
 0 1 3 8 2 A 5 4 7 B 9 6
 0 1 3 8 4 7 5 B A 2 9 6
 0 1 3 8 5 B 7 A 9 4 2 6
 0 1 3 8 7 A 4 B 9 5 2 6
 0 1 3 8 B 5 9 4 2 A 7 6
 0 1 3 8 B 7 5 4 A 2 9 6
 0 1 3 8 B 9 5 4 A 7 2 6
 0 1 3 9 2 A 5 4 7 B 8 6
 0 1 3 9 2 A 7 5 4 8 B 6
 0 1 3 9 2 A 8 5 4 7 B 6
 0 1 3 9 2 B 7 A 5 4 8 6
 0 1 3 9 5 A 8 7 4 B 2 6
 0 1 3 9 8 4 2 5 A 7 B 6
 0 1 3 9 8 4 7 5 A 2 B 6
 0 1 3 A 2 5 B 7 4 9 8 6
 0 1 3 A 2 5 B 8 4 9 7 6
 0 1 3 A 2 8 B 7 5 4 9 6
 0 1 3 A 2 B 5 8 4 9 7 6
 0 1 3 A 4 8 B 9 5 2 7 6
 0 1 3 A 4 9 8 B 7 5 2 6
 0 1 3 A 8 7 4 9 5 B 2 6
 0 1 3 A 9 2 5 B 7 4 8 6
 0 1 3 A 9 5 B 2 7 4 8 6
 0 1 3 B 2 7 4 A 5 9 8 6
 0 1 3 B 4 2 8 7 A 5 9 6
 0 1 3 B 4 A 7 2 5 9 8 6
 0 1 3 B 4 A 8 7 2 5 9 6
 0 1 3 B 5 2 7 A 9 4 8 6
 0 1 3 B 9 4 8 2 5 A 7 6
 0 1 3 B 9 8 5 A 4 7 2 6
 0 1 4 2 7 9 8 5 B 3 A 6
 0 1 4 2 9 3 8 5 7 B A 6
 0 1 4 2 9 5 B 3 8 A 7 6
 0 1 4 2 9 5 B 8 A 3 7 6
 0 1 4 2 A 3 7 9 8 5 B 6
 0 1 4 2 A 3 9 8 5 7 B 6
 0 1 4 2 A 5 B 3 8 7 9 6
 0 1 4 2 A 9 3 8 5 7 B 6
 0 1 4 3 7 9 2 A 5 B 8 6
 0 1 4 3 7 9 2 A 8 5 B 6
 0 1 4 3 7 9 5 A 8 2 B 6
 0 1 4 3 8 2 A 5 7 B 9 6
 0 1 4 3 8 2 A 7 5 9 B 6
 0 1 4 3 9 2 A 5 7 B 8 6
 0 1 4 3 9 2 A 8 5 7 B 6
 0 1 4 3 A 2 7 9 5 B 8 6
 0 1 4 3 A 8 5 B 7 9 2 6
 0 1 4 8 3 5 B 9 2 A 7 6
 0 1 4 8 7 2 A 3 5 B 9 6
 0 1 4 8 7 2 B 9 3 5 A 6
 0 1 4 8 7 5 2 A 3 9 B 6
 0 1 4 8 7 9 2 B 5 3 A 6
 0 1 4 8 A 3 B 5 2 9 7 6
 0 1 4 8 A 5 3 9 2 B 7 6
 0 1 4 9 3 2 A 5 7 B 8 6
 0 1 4 9 3 2 A 8 5 7 B 6
 0 1 4 9 3 5 2 A 8 7 B 6
 0 1 4 9 3 B A 8 5 7 2 6
 0 1 4 9 5 3 2 8 A 7 B 6
 0 1 4 9 B 5 2 A 8 3 7 6
 0 1 4 9 B 8 2 A 5 3 7 6
 0 1 4 A 2 7 9 8 5 3 B 6
 0 1 4 A 3 2 9 5 7 B 8 6
 0 1 4 A 3 B 9 8 5 7 2 6
 0 1 4 A 5 3 B 8 7 9 2 6
 0 1 4 A 8 3 5 9 2 B 7 6
 0 1 4 A 8 7 3 5 9 2 B 6
 0 1 4 A 9 5 7 2 B 3 8 6
 0 1 4 B 3 9 2 A 8 5 7 6
 0 1 4 B 5 2 A 3 7 9 8 6
 0 1 4 B 8 2 A 3 5 9 7 6
 0 1 4 B 9 5 2 8 A 3 7 6
 0 1 4 B A 3 7 9 5 2 8 6
 0 1 4 B A 7 3 5 9 2 8 6
 0 1 4 B A 7 9 5 3 8 2 6
 0 1 4 B A 8 2 7 3 5 9 6
 0 1 4 B A 8 5 7 3 9 2 6
 0 1 5 2 4 9 3 A 8 B 7 6
 0 1 5 2 4 A 9 7 3 8 B 6
 0 1 5 2 4 B 7 A 3 9 8 6
 0 1 5 2 4 B 7 A 9 3 8 6
 0 1 5 2 4 B 9 3 8 7 A 6
 0 1 5 2 7 A 8 4 3 9 B 6
 0 1 5 2 8 7 A 3 B 9 4 6
 0 1 5 2 8 A 3 B 9 4 7 6
 0 1 5 2 9 7 3 8 B A 4 6
 0 1 5 2 9 B 4 A 8 7 3 6
 0 1 5 2 9 B 7 A 4 3 8 6
 0 1 5 2 9 B A 4 7 3 8 6
 0 1 5 2 A 8 3 9 B 4 7 6
 0 1 5 3 8 2 4 B 7 A 9 6
 0 1 5 3 8 2 B 7 A 9 4 6
 0 1 5 3 8 B 7 2 4 A 9 6
 0 1 5 3 9 2 4 B 8 7 A 6
 0 1 5 3 A 9 2 8 B 7 4 6
 0 1 5 3 B 4 7 2 8 A 9 6
 0 1 5 3 B 8 2 7 A 9 4 6
 0 1 5 4 2 A 7 9 3 8 B 6
 0 1 5 4 7 2 8 A 3 B 9 6
 0 1 5 4 7 2 A 3 9 B 8 6
 0 1 5 4 7 2 B 9 3 8 A 6
 0 1 5 4 A 8 3 B 2 7 9 6
 0 1 5 4 B 2 A 7 9 3 8 6
 0 1 5 4 B 9 2 8 A 7 3 6
 0 1 5 7 2 A 4 3 8 B 9 6
 0 1 5 7 2 A 8 B 4 3 9 6
 0 1 5 7 2 B 9 8 4 A 3 6
 0 1 5 7 2 B A 8 4 9 3 6
 0 1 5 7 3 8 B A 4 2 9 6
 0 1 5 7 4 2 9 3 8 B A 6
 0 1 5 7 4 2 A 3 9 8 B 6
 0 1 5 7 4 2 A 9 3 8 B 6
 0 1 5 7 4 3 9 2 A 8 B 6
 0 1 5 7 4 9 3 2 A 8 B 6
 0 1 5 7 4 A 3 B 2 9 8 6
 0 1 5 7 4 B 2 A 3 9 8 6
 0 1 5 7 4 B 2 A 9 3 8 6
 0 1 5 7 4 B 9 8 2 A 3 6
 0 1 5 7 A 3 2 8 4 B 9 6
 0 1 5 7 A 3 9 8 4 2 B 6
 0 1 5 7 A 8 4 3 9 2 B 6
 0 1 5 7 A 8 4 9 3 2 B 6
 0 1 5 7 A 9 3 8 4 2 B 6
 0 1 5 8 3 9 B 4 2 A 7 6
 0 1 5 8 3 B 9 2 4 A 7 6
 0 1 5 8 3 B A 4 2 7 9 6
 0 1 5 8 7 2 4 A 3 B 9 6
 0 1 5 8 7 4 2 A 3 9 B 6
 0 1 5 8 A 3 9 4 2 B 7 6
 0 1 5 8 A 4 9 7 3 2 B 6
 0 1 5 A 4 2 9 B 8 7 3 6
 0 1 5 A 4 2 B 7 9 8 3 6
 0 1 5 A 4 7 3 2 9 B 8 6
 0 1 5 A 7 3 2 8 B 9 4 6
 0 1 5 A 7 9 4 3 B 2 8 6
 0 1 5 A 8 2 9 B 7 4 3 6
 0 1 5 A 8 2 B 7 9 4 3 6
 0 1 5 A 8 4 7 9 3 2 B 6
 0 1 5 A 8 B 7 2 4 3 9 6
 0 1 5 A 9 B 7 4 2 8 3 6
 0 1 5 B 2 9 7 4 3 8 A 6
 0 1 5 B 2 A 7 9 4 3 8 6
 0 1 5 B 4 2 9 8 A 7 3 6
 0 1 5 B 4 2 A 7 9 8 3 6
 0 1 5 B 7 4 2 9 8 A 3 6
 0 1 5 B 7 A 8 3 2 4 9 6
 0 1 5 B 8 3 2 4 9 7 A 6
 0 1 5 B 8 7 9 4 2 A 3 6
 0 1 5 B 8 A 9 4 2 7 3 6
 0 1 7 2 5 3 B 4 8 A 9 6
 0 1 7 2 5 4 8 A 3 B 9 6
 0 1 7 2 A 3 5 4 8 B 9 6
 0 1 7 2 A 8 5 4 9 B 3 6
 0 1 7 2 A 8 5 9 B 4 3 6
 0 1 7 2 A 8 B 3 5 4 9 6
 0 1 7 2 A 8 B 4 3 5 9 6
 0 1 7 2 A 9 B 4 8 5 3 6
 0 1 7 2 B 4 8 A 9 5 3 6
 0 1 7 2 B 9 5 4 8 A 3 6
 0 1 7 3 8 A 2 5 4 B 9 6
 0 1 7 3 A 2 5 4 9 B 8 6
 0 1 7 3 A 8 5 4 9 B 2 6
 0 1 7 4 2 5 9 8 A 3 B 6
 0 1 7 4 2 9 8 B 3 5 A 6
 0 1 7 4 2 A 3 5 9 8 B 6
 0 1 7 4 3 5 9 2 A 8 B 6
 0 1 7 4 8 A 9 2 5 3 B 6
 0 1 7 4 9 8 A 2 5 3 B 6
 0 1 7 4 9 8 A 5 3 B 2 6
 0 1 7 4 9 B 3 2 A 5 8 6
 0 1 7 4 B 2 A 3 5 9 8 6
 0 1 7 4 B 9 5 8 A 3 2 6
 0 1 7 5 2 4 9 8 B 3 A 6
 0 1 7 5 2 A 9 B 4 8 3 6
 0 1 7 5 4 8 A 3 B 2 9 6
 0 1 7 5 8 3 B A 2 4 9 6
 0 1 7 5 A 2 9 B 8 4 3 6
 0 1 7 9 2 A 8 5 4 B 3 6
 0 1 7 A 2 4 9 8 5 3 B 6
 0 1 7 A 2 9 8 5 3 B 4 6
 0 1 7 A 3 5 9 8 4 2 B 6
 0 1 7 A 5 9 2 4 3 B 8 6
 0 1 7 A 8 4 3 5 9 2 B 6
 0 1 7 A 8 5 9 2 4 3 B 6
 0 1 7 A 9 2 4 8 5 3 B 6
 0 1 7 A 9 5 2 4 B 3 8 6
 0 1 7 B 2 4 9 8 5 3 A 6
 0 1 7 B 2 A 8 3 5 4 9 6
 0 1 7 B A 3 5 8 4 2 9 6
 0 1 8 2 5 3 7 4 9 B A 6
 0 1 8 2 A 3 5 4 7 B 9 6
 0 1 8 2 A 7 5 4 9 B 3 6
 0 1 8 2 A 7 5 9 B 4 3 6
 0 1 8 2 B 3 5 4 9 7 A 6
 0 1 8 2 B 4 3 5 9 7 A 6
 0 1 8 4 2 5 7 B A 3 9 6
 0 1 8 4 2 5 B A 3 7 9 6
 0 1 8 4 A 3 2 5 7 B 9 6
 0 1 8 5 3 9 2 4 7 B A 6
 0 1 8 5 3 B A 4 7 9 2 6
 0 1 8 5 7 A 4 3 B 9 2 6
 0 1 8 5 7 A 9 3 B 4 2 6
 0 1 8 5 7 B 4 2 A 9 3 6
 0 1 8 5 7 B 9 2 A 4 3 6
 0 1 8 5 9 B A 4 2 7 3 6
 0 1 8 5 B 3 2 4 9 7 A 6
 0 1 8 5 B 9 2 4 3 7 A 6
 0 1 8 5 B A 2 4 9 7 3 6
 0 1 8 7 5 2 A 4 9 B 3 6
 0 1 8 7 9 5 A 4 2 B 3 6
 0 1 8 7 B 9 5 2 4 A 3 6
 0 1 8 A 2 B 5 4 9 7 3 6
 0 1 8 A 2 B 7 5 4 9 3 6
 0 1 8 A 4 3 B 2 7 5 9 6
 0 1 8 A 7 5 4 9 3 B 2 6
 0 1 8 A 9 3 B 4 7 5 2 6
 0 1 8 B 3 5 2 A 4 9 7 6
 0 1 8 B 3 9 2 A 7 5 4 6
 0 1 8 B 4 A 7 9 5 3 2 6
 0 1 8 B 4 A 9 7 3 5 2 6
 0 1 8 B 5 4 2 A 3 7 9 6
 0 1 8 B 7 5 A 2 4 3 9 6
 0 1 8 B 9 5 2 4 A 3 7 6
 0 1 8 B 9 5 7 4 A 3 2 6
 0 1 8 B A 3 9 5 7 4 2 6
 0 1 8 B A 4 2 7 3 5 9 6
 0 1 8 B A 4 9 7 3 5 2 6
 0 1 9 2 4 3 7 A 5 B 8 6
 0 1 9 2 4 3 7 A 8 5 B 6
 0 1 9 2 4 3 A 7 B 5 8 6
 0 1 9 2 4 8 B 5 3 A 7 6
 0 1 9 2 5 B 3 A 8 7 4 6
 0 1 9 2 5 B A 8 3 7 4 6
 0 1 9 2 8 A 7 5 4 B 3 6
 0 1 9 2 8 B 3 A 7 5 4 6
 0 1 9 2 8 B A 5 3 7 4 6
 0 1 9 3 5 A 8 7 4 B 2 6
 0 1 9 3 8 A 7 5 4 B 2 6
 0 1 9 3 8 B A 5 7 4 2 6
 0 1 9 4 2 5 B 3 8 A 7 6
 0 1 9 4 2 5 B 8 A 3 7 6
 0 1 9 4 2 8 5 7 B A 3 6
 0 1 9 4 2 8 B 3 5 A 7 6
 0 1 9 4 2 B 5 8 A 3 7 6
 0 1 9 4 3 5 A 7 B 2 8 6
 0 1 9 4 3 8 A 7 5 B 2 6
 0 1 9 4 7 5 B 8 A 3 2 6
 0 1 9 4 7 B A 3 5 2 8 6
 0 1 9 4 A 3 2 5 7 B 8 6
 0 1 9 4 A 8 B 3 5 2 7 6
 0 1 9 7 2 4 8 5 B A 3 6
 0 1 9 7 2 B 5 4 8 A 3 6
 0 1 9 7 4 3 5 A 2 8 B 6
 0 1 9 7 4 3 8 A 2 5 B 6
 0 1 9 7 4 3 8 A 5 B 2 6
 0 1 9 7 4 8 A 3 2 5 B 6
 0 1 9 7 4 B 5 8 A 3 2 6
 0 1 9 7 4 B A 3 5 8 2 6
 0 1 9 7 A 2 4 3 8 5 B 6
 0 1 9 7 A 3 2 4 8 5 B 6
 0 1 9 7 A 3 5 4 8 2 B 6
 0 1 9 7 A 3 5 4 B 8 2 6
 0 1 9 7 B 8 3 2 5 A 4 6
 0 1 9 8 2 5 3 A 7 B 4 6
 0 1 9 8 A 2 7 4 B 5 3 6
 0 1 9 8 A 3 7 4 2 5 B 6
 0 1 9 8 B 5 3 A 2 7 4 6
 0 1 9 B 3 2 7 4 A 5 8 6
 0 1 9 B 4 3 7 A 5 2 8 6
 0 1 9 B 4 3 A 7 5 8 2 6
 0 1 9 B 4 8 2 5 3 A 7 6
 0 1 9 B 4 A 7 5 8 3 2 6
 0 1 A 2 5 4 B 7 9 3 8 6
 0 1 A 2 5 B 7 9 4 3 8 6
 0 1 A 2 7 5 8 4 3 9 B 6
 0 1 A 2 7 9 4 3 B 5 8 6
 0 1 A 2 7 9 8 4 B 5 3 6
 0 1 A 2 9 3 8 B 7 5 4 6
 0 1 A 2 9 7 3 8 B 5 4 6
 0 1 A 2 9 B 5 3 8 4 7 6
 0 1 A 2 9 B 5 4 7 3 8 6
 0 1 A 3 2 5 B 7 9 4 8 6
 0 1 A 3 2 8 4 7 5 9 B 6
 0 1 A 3 2 8 B 7 5 9 4 6
 0 1 A 3 2 9 7 B 5 8 4 6
 0 1 A 3 5 9 4 2 8 B 7 6
 0 1 A 3 5 B 9 8 4 7 2 6
 0 1 A 3 7 2 5 B 9 8 4 6
 0 1 A 3 7 2 8 B 9 5 4 6
 0 1 A 3 7 5 B 2 9 8 4 6
 0 1 A 3 7 9 5 4 2 8 B 6
 0 1 A 3 7 9 5 4 B 2 8 6
 0 1 A 3 7 9 8 4 2 5 B 6
 0 1 A 3 9 8 4 2 5 7 B 6
 0 1 A 3 9 B 7 2 5 4 8 6
 0 1 A 3 B 2 8 7 5 9 4 6
 0 1 A 3 B 5 8 7 9 4 2 6
 0 1 A 3 B 9 4 8 2 5 7 6
 0 1 A 4 2 7 3 5 9 8 B 6
 0 1 A 4 3 8 B 9 5 7 2 6
 0 1 A 4 8 3 B 9 2 5 7 6
 0 1 A 4 8 7 9 2 5 3 B 6
 0 1 A 4 9 B 7 5 8 3 2 6
 0 1 A 4 B 2 7 3 5 9 8 6
 0 1 A 4 B 3 2 7 9 5 8 6
 0 1 A 5 3 9 2 4 8 B 7 6
 0 1 A 5 3 B 4 7 9 8 2 6
 0 1 A 5 7 3 9 8 B 4 2 6
 0 1 A 5 7 B 9 2 8 4 3 6
 0 1 A 5 8 7 3 9 B 4 2 6
 0 1 A 5 8 7 9 3 B 4 2 6
 0 1 A 5 9 7 3 2 8 B 4 6
 0 1 A 5 9 B 4 2 8 7 3 6
 0 1 A 5 9 B 4 7 3 2 8 6
 0 1 A 5 B 9 2 4 8 7 3 6
 0 1 A 8 2 7 9 5 4 B 3 6
 0 1 A 8 2 9 5 7 B 4 3 6
 0 1 A 8 3 B 5 4 7 9 2 6
 0 1 A 8 3 B 5 9 2 4 7 6
 0 1 A 8 4 3 7 9 2 5 B 6
 0 1 A 8 4 3 9 2 5 7 B 6
 0 1 A 8 4 9 3 2 5 7 B 6
 0 1 A 8 4 B 3 9 2 5 7 6
 0 1 A 8 7 2 4 9 5 B 3 6
 0 1 A 8 7 2 5 9 3 B 4 6
 0 1 A 8 B 4 3 9 5 7 2 6
 0 1 A 9 3 5 8 4 2 7 B 6
 0 1 A 9 3 8 4 2 5 7 B 6
 0 1 A 9 5 3 7 2 8 B 4 6
 0 1 A 9 5 3 8 2 4 7 B 6
 0 1 A 9 5 7 B 4 2 8 3 6
 0 1 A 9 7 2 5 B 3 8 4 6
 0 1 A 9 B 5 3 8 4 7 2 6
 0 1 B 2 4 8 3 9 5 A 7 6
 0 1 B 2 A 3 9 4 8 5 7 6
 0 1 B 2 A 5 9 3 8 7 4 6
 0 1 B 3 5 8 7 2 A 4 9 6
 0 1 B 3 8 2 A 5 4 7 9 6
 0 1 B 3 9 2 A 5 8 7 4 6
 0 1 B 3 A 9 5 8 2 7 4 6
 0 1 B 4 3 9 5 8 A 7 2 6
 0 1 B 4 3 A 7 9 5 8 2 6
 0 1 B 4 7 3 2 8 A 5 9 6
 0 1 B 4 7 3 9 8 A 5 2 6
 0 1 B 4 8 2 5 7 3 A 9 6
 0 1 B 4 8 5 7 2 A 9 3 6
 0 1 B 4 A 2 9 8 5 7 3 6
 0 1 B 4 A 7 9 5 8 3 2 6
 0 1 B 5 2 4 9 8 3 7 A 6
 0 1 B 5 4 7 3 8 A 2 9 6
 0 1 B 5 8 4 3 A 2 7 9 6
 0 1 B 5 8 4 3 A 7 9 2 6
 0 1 B 5 8 7 3 A 2 4 9 6
 0 1 B 7 2 4 8 5 A 9 3 6
 0 1 B 7 2 5 4 8 A 3 9 6
 0 1 B 7 A 2 8 3 5 4 9 6
 0 1 B 7 A 2 9 3 8 5 4 6
 0 1 B 7 A 3 2 8 5 9 4 6
 0 1 B 7 A 3 5 4 8 2 9 6
 0 1 B 7 A 4 9 8 3 5 2 6
 0 1 B 8 2 A 3 5 9 4 7 6
 0 1 B 8 3 5 9 2 A 4 7 6
 0 1 B 8 3 7 9 2 5 4 A 6
 0 1 B 8 3 9 5 A 2 4 7 6
 0 1 B 8 4 9 3 A 2 5 7 6
 0 1 B 8 A 3 9 5 4 7 2 6
 0 1 B 8 A 5 4 7 3 9 2 6
 0 1 B A 7 2 5 9 3 8 4 6
 0 1 B A 7 3 8 2 5 9 4 6
 0 2 1 4 9 5 B 3 A 7 8 6
 0 2 1 4 9 7 8 5 B 3 A 6
 0 2 1 4 B 3 9 5 A 7 8 6
 0 2 1 4 B 3 9 7 8 5 A 6
 0 2 1 4 B 5 9 A 7 3 8 6
 0 2 1 4 B 8 9 3 7 5 A 6
 0 2 1 4 B 9 3 7 8 5 A 6
 0 2 1 5 8 9 7 4 A 3 B 6
 0 2 1 5 A 4 7 8 3 B 9 6
 0 2 1 5 A 4 B 8 9 7 3 6
 0 2 1 5 A 7 8 4 B 9 3 6
 0 2 1 5 B 4 7 3 A 8 9 6
 0 2 1 5 B 7 4 9 A 8 3 6
 0 2 1 5 B 7 A 8 3 4 9 6
 0 2 1 5 B 8 3 4 9 7 A 6
 0 2 1 7 3 A 8 B 4 5 9 6
 0 2 1 7 A 3 B 9 4 8 5 6
 0 2 1 7 A 5 3 B 4 8 9 6
 0 2 1 7 A 8 3 B 4 5 9 6
 0 2 1 7 B 8 4 9 A 5 3 6
 0 2 1 8 4 5 A 7 B 9 3 6
 0 2 1 8 4 7 5 A B 3 9 6
 0 2 1 8 4 9 A 7 5 B 3 6
 0 2 1 8 4 9 A 7 B 5 3 6
 0 2 1 8 5 B 3 4 9 7 A 6
 0 2 1 8 B 3 9 7 4 5 A 6
 0 2 1 8 B 5 3 7 4 9 A 6
 0 2 1 8 B 9 3 7 4 5 A 6
 0 2 1 9 3 7 4 5 A 8 B 6
 0 2 1 9 3 A 7 B 4 5 8 6
 0 2 1 9 7 8 5 A 4 B 3 6
 0 2 1 9 7 A 3 4 8 5 B 6
 0 2 1 9 7 A 4 B 3 8 5 6
 0 2 1 9 A 3 7 4 B 5 8 6
 0 2 1 9 A 7 5 B 4 8 3 6
 0 2 1 A 3 9 4 8 B 7 5 6
 0 2 1 A 3 B 5 9 4 7 8 6
 0 2 1 A 4 5 9 7 3 8 B 6
 0 2 1 A 4 9 5 3 7 8 B 6
 0 2 1 A 5 9 3 B 4 7 8 6
 0 2 1 A 5 B 4 8 9 7 3 6
 0 2 1 A B 5 9 4 7 3 8 6
 0 2 1 B 3 9 4 7 8 5 A 6
 0 2 1 B 4 7 8 5 9 3 A 6
 0 2 1 B 5 8 3 7 4 9 A 6
 0 2 1 B 7 8 5 9 4 A 3 6
 0 2 1 B 7 A 3 9 4 8 5 6
 0 2 1 B 8 3 7 A 4 9 5 6
 0 2 1 B 8 4 9 3 7 A 5 6
 0 2 3 1 7 B A 5 8 4 9 6
 0 2 3 1 8 4 7 B 5 A 9 6
 0 2 3 1 9 4 8 B 5 A 7 6
 0 2 3 1 9 8 5 A 4 7 B 6
 0 2 3 1 A 4 9 5 8 7 B 6
 0 2 3 7 1 4 B 9 8 5 A 6
 0 2 3 7 1 B A 5 8 4 9 6
 0 2 3 7 4 9 5 B A 1 8 6
 0 2 3 7 4 A 9 5 8 1 B 6
 0 2 3 7 4 B 5 A 1 9 8 6
 0 2 3 7 5 1 8 B 4 A 9 6
 0 2 3 7 5 1 8 B A 4 9 6
 0 2 3 7 5 1 A 4 9 8 B 6
 0 2 3 7 5 A 4 1 9 8 B 6
 0 2 3 7 5 B A 1 8 4 9 6
 0 2 3 7 A 4 9 8 5 1 B 6
 0 2 3 7 A 4 B 9 8 5 1 6
 0 2 3 7 A 5 B 4 1 9 8 6
 0 2 3 7 A 5 B 9 8 4 1 6
 0 2 3 7 A 9 5 B 4 1 8 6
 0 2 3 8 4 7 1 B A 5 9 6
 0 2 3 8 4 B A 1 7 5 9 6
 0 2 3 8 5 1 4 A 9 7 B 6
 0 2 3 8 5 4 A 1 9 7 B 6
 0 2 3 8 5 4 B 9 1 7 A 6
 0 2 3 8 5 9 4 7 1 B A 6
 0 2 3 8 5 9 4 A 1 B 7 6
 0 2 3 8 5 9 7 1 4 B A 6
 0 2 3 9 1 4 B 8 7 5 A 6
 0 2 3 9 4 1 5 A 8 B 7 6
 0 2 3 9 4 7 B A 8 5 1 6
 0 2 3 9 4 8 5 A 1 B 7 6
 0 2 3 9 4 8 B A 7 5 1 6
 0 2 3 9 7 4 8 B A 5 1 6
 0 2 3 9 7 B A 5 8 4 1 6
 0 2 3 A 1 5 B 7 4 9 8 6
 0 2 3 A 1 5 B 8 4 9 7 6
 0 2 3 A 4 7 B 9 8 5 1 6
 0 2 3 A 7 B 5 1 4 9 8 6
 0 2 3 A 8 7 B 5 1 4 9 6
 0 2 3 A 8 B 7 1 5 4 9 6
 0 2 3 A 9 7 4 8 B 5 1 6
 0 2 3 A 9 7 B 5 8 4 1 6
 0 2 3 B 4 1 7 A 5 9 8 6
 0 2 3 B 4 7 1 A 5 9 8 6
 0 2 3 B 4 A 1 8 5 9 7 6
 0 2 3 B 4 A 1 8 7 5 9 6
 0 2 3 B 8 1 4 A 5 9 7 6
 0 2 3 B 8 7 5 9 4 A 1 6
 0 2 3 B 9 1 8 5 A 4 7 6
 0 2 3 B 9 4 8 5 A 1 7 6
 0 2 3 B A 8 5 9 4 7 1 6
 0 2 5 1 7 B 4 3 A 8 9 6
 0 2 5 1 7 B A 8 3 4 9 6
 0 2 5 1 A 4 3 8 9 7 B 6
 0 2 5 1 A 4 B 3 8 9 7 6
 0 2 5 1 A B 4 8 3 9 7 6
 0 2 5 1 B 3 8 9 4 A 7 6
 0 2 5 1 B 4 8 3 9 A 7 6
 0 2 5 1 B 4 8 9 3 A 7 6
 0 2 5 1 B 8 9 4 A 3 7 6
 0 2 5 3 8 9 1 7 4 B A 6
 0 2 5 3 8 9 1 A 4 B 7 6
 0 2 5 3 8 9 4 1 7 B A 6
 0 2 5 3 9 4 8 1 A B 7 6
 0 2 5 3 A B 4 8 7 1 9 6
 0 2 5 3 A B 8 4 9 1 7 6
 0 2 5 4 8 1 7 3 A B 9 6
 0 2 5 4 8 3 B 9 A 7 1 6
 0 2 5 4 8 9 7 1 A 3 B 6
 0 2 5 4 9 1 7 3 A B 8 6
 0 2 5 4 A 7 3 8 9 1 B 6
 0 2 5 4 A 7 8 3 B 9 1 6
 0 2 5 4 B 3 8 9 7 1 A 6
 0 2 5 4 B 3 9 7 8 1 A 6
 0 2 5 4 B 9 3 7 8 1 A 6
 0 2 5 9 4 A B 8 7 3 1 6
 0 2 5 9 7 8 1 A 4 3 B 6
 0 2 5 9 7 8 3 B A 4 1 6
 0 2 5 9 A 4 B 8 7 3 1 6
 0 2 5 9 A 8 1 7 4 3 B 6
 0 2 5 9 A 8 3 B 4 1 7 6
 0 2 5 A 7 8 4 3 9 1 B 6
 0 2 5 A 8 9 1 7 4 3 B 6
 0 2 5 A 9 1 7 3 4 B 8 6
 0 2 5 A 9 3 7 8 4 1 B 6
 0 2 5 A B 7 4 3 9 1 8 6
 0 2 5 B 3 1 8 4 9 A 7 6
 0 2 5 B 3 1 8 7 4 9 A 6
 0 2 5 B 3 A 9 7 8 4 1 6
 0 2 5 B 4 1 9 A 8 3 7 6
 0 2 5 B 4 8 3 1 9 A 7 6
 0 2 5 B 7 4 3 A 8 9 1 6
 0 2 5 B 9 4 3 7 8 1 A 6
 0 2 5 B A 7 3 4 9 1 8 6
 0 2 7 1 5 8 4 3 A B 9 6
 0 2 7 1 9 A 8 5 4 B 3 6
 0 2 7 1 A 8 9 5 4 B 3 6
 0 2 7 1 A 9 5 3 4 8 B 6
 0 2 7 1 A B 9 5 4 8 3 6
 0 2 7 3 1 8 B A 4 5 9 6
 0 2 7 3 1 A 4 5 9 8 B 6
 0 2 7 3 1 A 9 4 8 B 5 6
 0 2 7 3 9 1 4 B A 8 5 6
 0 2 7 3 9 A 1 5 4 B 8 6
 0 2 7 3 A 1 B 5 4 8 9 6
 0 2 7 3 A 9 1 4 5 B 8 6
 0 2 7 4 3 1 8 B 5 9 A 6
 0 2 7 4 3 B 5 9 A 1 8 6
 0 2 7 4 5 3 9 1 8 B A 6
 0 2 7 4 5 8 3 9 1 B A 6
 0 2 7 4 5 9 3 1 8 B A 6
 0 2 7 4 5 9 3 B A 1 8 6
 0 2 7 4 5 B 3 A 1 9 8 6
 0 2 7 5 1 8 B 3 4 A 9 6
 0 2 7 5 1 A 9 3 4 8 B 6
 0 2 7 5 4 1 8 B 3 9 A 6
 0 2 7 5 8 4 3 9 1 A B 6
 0 2 7 5 8 9 1 A 4 3 B 6
 0 2 7 5 9 3 4 1 8 B A 6
 0 2 7 5 B 8 9 1 4 3 A 6
 0 2 7 8 4 1 B A 5 9 3 6
 0 2 7 8 4 3 A 1 5 B 9 6
 0 2 7 8 4 3 A 1 B 5 9 6
 0 2 7 8 4 B A 1 5 3 9 6
 0 2 7 8 5 3 9 1 4 B A 6
 0 2 7 8 5 9 3 1 4 B A 6
 0 2 7 8 5 B 9 1 4 3 A 6
 0 2 7 8 B 5 9 4 3 1 A 6
 0 2 7 A 4 3 B 9 1 8 5 6
 0 2 7 A 4 B 3 1 9 8 5 6
 0 2 7 A 5 B 3 4 1 9 8 6
 0 2 7 A 9 3 4 8 5 1 B 6
 0 2 7 A 9 5 B 3 4 1 8 6
 0 2 7 A B 3 9 5 4 1 8 6
 0 2 7 A B 5 4 8 3 1 9 6
 0 2 7 B 5 1 4 3 A 8 9 6
 0 2 7 B 5 1 A 8 9 4 3 6
 0 2 7 B 5 4 1 9 A 8 3 6
 0 2 7 B 5 8 9 4 3 1 A 6
 0 2 7 B 8 3 1 4 A 9 5 6
 0 2 7 B A 1 8 4 5 3 9 6
 0 2 7 B A 4 1 8 9 5 3 6
 0 2 7 B A 4 5 8 3 1 9 6
 0 2 8 1 4 3 A 7 B 9 5 6
 0 2 8 1 4 3 A B 7 5 9 6
 0 2 8 1 5 3 4 B 7 A 9 6
 0 2 8 1 5 4 7 3 A B 9 6
 0 2 8 1 5 4 B 9 A 7 3 6
 0 2 8 1 9 A 7 5 4 B 3 6
 0 2 8 1 A 9 5 3 4 7 B 6
 0 2 8 1 A B 7 5 9 4 3 6
 0 2 8 3 7 A B 9 5 4 1 6
 0 2 8 3 B 9 1 4 5 A 7 6
 0 2 8 5 1 4 B 9 A 3 7 6
 0 2 8 5 3 4 B 7 A 9 1 6
 0 2 8 5 4 7 3 A B 9 1 6
 0 2 8 5 9 7 3 4 B A 1 6
 0 2 8 5 9 A 3 1 4 B 7 6
 0 2 8 5 A B 3 1 9 4 7 6
 0 2 8 7 3 A 1 B 4 5 9 6
 0 2 8 7 4 9 A 1 5 3 B 6
 0 2 8 7 4 9 A 5 1 B 3 6
 0 2 8 7 A 3 B 9 4 1 5 6
 0 2 8 7 A 5 1 B 3 4 9 6
 0 2 8 7 B 4 1 9 A 5 3 6
 0 2 8 7 B 4 5 3 A 1 9 6
 0 2 8 7 B 9 4 5 1 A 3 6
 0 2 8 9 1 A 5 3 B 4 7 6
 0 2 8 9 5 3 7 4 B A 1 6
 0 2 8 B 3 1 9 4 5 A 7 6
 0 2 8 B 3 A 9 7 4 5 1 6
 0 2 8 B 4 1 9 A 5 3 7 6
 0 2 8 B 7 4 5 3 A 9 1 6
 0 2 8 B 9 4 5 1 A 3 7 6
 0 2 8 B A 5 9 7 3 4 1 6
 0 2 9 1 4 3 B 5 A 7 8 6
 0 2 9 1 4 5 B A 7 3 8 6
 0 2 9 1 4 A 3 B 8 7 5 6
 0 2 9 1 7 4 5 3 8 B A 6
 0 2 9 1 7 5 A B 8 4 3 6
 0 2 9 1 A 3 B 5 4 7 8 6
 0 2 9 1 A 4 3 8 B 7 5 6
 0 2 9 1 A 4 5 3 8 B 7 6
 0 2 9 1 A B 5 3 8 4 7 6
 0 2 9 1 A B 5 4 7 3 8 6
 0 2 9 1 B 5 A 7 8 4 3 6
 0 2 9 1 B 7 8 5 4 A 3 6
 0 2 9 1 B 7 8 5 A 4 3 6
 0 2 9 1 B 7 A 4 3 8 5 6
 0 2 9 1 B A 4 7 3 8 5 6
 0 2 9 3 1 4 8 5 A B 7 6
 0 2 9 3 1 5 A B 8 4 7 6
 0 2 9 3 4 1 5 A 8 B 7 6
 0 2 9 3 4 7 B A 8 5 1 6
 0 2 9 3 4 8 5 A 1 B 7 6
 0 2 9 3 4 8 B A 7 5 1 6
 0 2 9 3 7 4 5 8 1 B A 6
 0 2 9 5 3 4 8 B A 7 1 6
 0 2 9 5 3 7 8 B A 4 1 6
 0 2 9 5 4 1 7 A B 3 8 6
 0 2 9 5 4 7 1 A B 3 8 6
 0 2 9 5 4 A 7 8 1 B 3 6
 0 2 9 5 4 A 7 8 B 3 1 6
 0 2 9 5 8 1 B 3 4 A 7 6
 0 2 9 5 8 7 4 A B 3 1 6
 0 2 9 5 A 8 B 3 4 1 7 6
 0 2 9 7 1 5 A B 8 4 3 6
 0 2 9 7 3 4 8 5 B A 1 6
 0 2 9 7 3 8 B A 4 1 5 6
 0 2 9 7 8 4 1 5 B A 3 6
 0 2 9 7 A 4 3 B 8 1 5 6
 0 2 9 8 4 1 7 5 A B 3 6
 0 2 9 8 4 5 A 7 1 B 3 6
 0 2 9 8 B 3 1 7 4 5 A 6
 0 2 9 8 B 3 4 1 7 5 A 6
 0 2 9 8 B 3 4 A 7 5 1 6
 0 2 9 8 B 4 5 3 7 1 A 6
 0 2 9 8 B 4 A 7 3 1 5 6
 0 2 9 8 B 7 4 A 3 1 5 6
 0 2 9 A 1 5 B 7 4 3 8 6
 0 2 9 A 3 1 4 8 5 B 7 6
 0 2 9 A 3 1 5 B 8 4 7 6
 0 2 9 A 4 1 5 3 8 B 7 6
 0 2 9 A 7 B 5 1 4 3 8 6
 0 2 9 A 7 B 5 8 4 3 1 6
 0 2 9 A 8 1 5 B 7 4 3 6
 0 2 9 A 8 5 1 7 B 4 3 6
 0 2 A 1 5 B 8 3 4 9 7 6
 0 2 A 1 7 5 4 B 3 8 9 6
 0 2 A 1 7 B 9 4 3 8 5 6
 0 2 A 1 8 5 B 3 4 9 7 6
 0 2 A 1 8 7 5 B 3 4 9 6
 0 2 A 1 8 7 B 4 5 3 9 6
 0 2 A 1 8 7 B 5 3 4 9 6
 0 2 A 3 1 5 B 8 9 4 7 6
 0 2 A 3 1 7 4 5 9 8 B 6
 0 2 A 3 4 1 7 5 9 8 B 6
 0 2 A 3 4 1 8 B 5 9 7 6
 0 2 A 3 7 1 4 B 9 8 5 6
 0 2 A 3 9 1 4 B 8 7 5 6
 0 2 A 5 4 7 1 B 3 8 9 6
 0 2 A 5 4 7 8 1 B 3 9 6
 0 2 A 5 4 7 B 8 9 3 1 6
 0 2 A 5 8 7 1 B 3 4 9 6
 0 2 A 5 8 7 B 9 3 4 1 6
 0 2 A 7 1 5 3 4 9 8 B 6
 0 2 A 7 1 B 4 5 9 8 3 6
 0 2 A 7 8 1 5 4 B 9 3 6
 0 2 A 7 8 1 5 B 9 4 3 6
 0 2 A 7 8 1 B 5 9 4 3 6
 0 2 A 7 8 B 5 9 4 3 1 6
 0 2 A 7 B 5 8 9 4 3 1 6
 0 2 A 9 1 7 4 5 3 8 B 6
 0 2 A 9 3 7 4 5 8 1 B 6
 0 2 A 9 4 7 1 B 3 8 5 6
 0 2 A 9 4 7 8 5 B 3 1 6
 0 2 A 9 7 1 4 B 3 8 5 6
 0 2 A 9 7 B 5 8 3 4 1 6
 0 2 A B 4 1 5 8 3 9 7 6
 0 2 A B 4 1 7 5 9 8 3 6
 0 2 A B 4 1 8 7 5 9 3 6
 0 2 A B 8 1 5 3 9 4 7 6
 0 2 A B 8 1 7 5 9 4 3 6
 0 2 B 3 1 8 7 A 4 9 5 6
 0 2 B 3 1 8 9 5 A 4 7 6
 0 2 B 3 4 A 5 8 1 9 7 6
 0 2 B 3 A 4 5 8 1 9 7 6
 0 2 B 3 A 8 7 1 4 9 5 6
 0 2 B 3 A 8 9 5 4 7 1 6
 0 2 B 4 3 7 1 9 A 5 8 6
 0 2 B 4 5 3 9 1 8 7 A 6
 0 2 B 4 5 9 3 1 8 7 A 6
 0 2 B 4 5 9 8 3 1 7 A 6
 0 2 B 4 8 3 1 7 A 9 5 6
 0 2 B 4 8 7 1 9 A 5 3 6
 0 2 B 4 8 9 5 3 A 1 7 6
 0 2 B 4 A 1 8 9 5 3 7 6
 0 2 B 4 A 1 9 8 3 7 5 6
 0 2 B 5 1 4 9 A 8 3 7 6
 0 2 B 5 3 4 9 1 8 7 A 6
 0 2 B 5 4 7 3 A 8 9 1 6
 0 2 B 5 4 8 9 7 3 A 1 6
 0 2 B 5 9 7 8 1 4 3 A 6
 0 2 B 5 9 7 8 4 3 A 1 6
 0 2 B 5 9 A 3 1 8 4 7 6
 0 2 B 5 A 1 9 4 3 7 8 6
 0 2 B 7 1 5 4 9 A 8 3 6
 0 2 B 7 1 5 A 8 9 4 3 6
 0 2 B 7 5 4 8 3 9 A 1 6
 0 2 B 7 5 4 8 9 3 A 1 6
 0 2 B 7 5 8 3 4 A 9 1 6
 0 2 B 7 5 9 8 3 4 A 1 6
 0 2 B 7 A 4 5 9 8 3 1 6
 0 2 B 7 A 4 9 8 3 1 5 6
 0 2 B 7 A 5 4 8 9 3 1 6
 0 2 B 9 3 4 8 7 A 5 1 6
 0 2 B 9 8 3 4 7 1 5 A 6
 0 2 B 9 8 3 7 1 4 5 A 6
 0 2 B 9 8 3 7 A 4 5 1 6
 0 2 B 9 A 5 4 8 1 7 3 6
 0 2 B 9 A 5 8 4 3 7 1 6
 0 2 B A 1 8 4 9 3 7 5 6
 0 2 B A 3 7 1 9 4 5 8 6
 0 2 B A 3 9 1 8 4 7 5 6
 0 2 B A 5 1 4 9 3 7 8 6
 0 2 B A 8 3 7 1 4 9 5 6
 0 3 1 2 7 4 8 A 9 5 B 6
 0 3 1 2 7 4 B 5 9 8 A 6
 0 3 1 2 7 9 4 8 5 B A 6
 0 3 1 2 9 5 B 4 8 A 7 6
 0 3 1 2 9 8 5 7 B 4 A 6
 0 3 1 2 A 4 9 8 5 7 B 6
 0 3 1 2 A 5 B 4 8 7 9 6
 0 3 1 5 2 7 8 4 A 9 B 6
 0 3 1 5 2 7 9 8 4 A B 6
 0 3 1 5 4 B 8 2 7 9 A 6
 0 3 1 5 7 4 9 8 2 A B 6
 0 3 1 5 7 8 4 A 9 2 B 6
 0 3 1 5 B 8 7 2 4 9 A 6
 0 3 1 7 2 A 9 B 4 8 5 6
 0 3 1 7 2 B 4 5 9 8 A 6
 0 3 1 7 2 B 4 8 A 9 5 6
 0 3 1 7 8 4 9 B A 5 2 6
 0 3 1 7 8 5 9 2 4 B A 6
 0 3 1 7 9 8 4 5 A 2 B 6
 0 3 1 7 B 4 5 2 9 8 A 6
 0 3 1 7 B 8 9 2 A 5 4 6
 0 3 1 8 2 7 4 5 9 B A 6
 0 3 1 8 4 5 B A 2 7 9 6
 0 3 1 8 4 5 B A 7 9 2 6
 0 3 1 8 4 9 A 2 B 5 7 6
 0 3 1 8 5 4 A B 7 9 2 6
 0 3 1 8 5 9 2 4 A B 7 6
 0 3 1 8 7 B 5 2 4 9 A 6
 0 3 1 8 9 2 A 7 B 5 4 6
 0 3 1 8 9 5 2 7 B A 4 6
 0 3 1 8 9 5 B A 2 7 4 6
 0 3 1 8 A 4 5 9 2 B 7 6
 0 3 1 9 4 5 B 8 A 2 7 6
 0 3 1 9 4 8 A B 5 2 7 6
 0 3 1 9 8 2 4 5 A 7 B 6
 0 3 1 9 8 A 2 7 4 5 B 6
 0 3 1 9 8 A 2 7 4 B 5 6
 0 3 1 9 8 A 4 5 2 7 B 6
 0 3 1 9 A 5 2 8 7 B 4 6
 0 3 1 A 2 7 9 8 4 5 B 6
 0 3 1 A 2 7 9 8 4 B 5 6
 0 3 1 A 5 4 9 B 7 8 2 6
 0 3 1 A 9 2 8 4 5 7 B 6
 0 3 1 A B 4 8 2 9 5 7 6
 0 3 2 4 1 8 9 7 B 5 A 6
 0 3 2 4 8 1 9 A 7 5 B 6
 0 3 2 4 8 9 5 A 7 1 B 6
 0 3 2 4 9 1 A 5 B 7 8 6
 0 3 2 4 9 A 5 1 7 B 8 6
 0 3 2 4 9 A 7 B 5 1 8 6
 0 3 2 4 9 A 8 5 1 7 B 6
 0 3 2 4 B 5 9 7 8 1 A 6
 0 3 2 4 B 7 1 5 A 8 9 6
 0 3 2 4 B 8 1 7 5 9 A 6
 0 3 2 4 B 8 9 1 7 5 A 6
 0 3 2 4 B 8 9 7 1 5 A 6
 0 3 2 4 B 9 1 7 8 5 A 6
 0 3 2 7 1 A 8 4 5 9 B 6
 0 3 2 7 4 5 B 9 1 8 A 6
 0 3 2 7 5 1 A 4 8 9 B 6
 0 3 2 7 9 1 A 8 4 5 B 6
 0 3 2 7 9 1 A 8 4 B 5 6
 0 3 2 7 9 1 B 8 4 A 5 6
 0 3 2 7 9 A 4 8 5 1 B 6
 0 3 2 7 9 A 8 4 1 5 B 6
 0 3 2 7 B 1 9 4 A 8 5 6
 0 3 2 7 B 5 1 A 8 9 4 6
 0 3 2 8 1 5 7 4 B 9 A 6
 0 3 2 8 1 A B 7 5 9 4 6
 0 3 2 8 4 5 A 7 9 1 B 6
 0 3 2 8 4 9 7 B 1 A 5 6
 0 3 2 8 9 7 4 B 1 5 A 6
 0 3 2 8 A 7 B 9 4 5 1 6
 0 3 2 8 A B 7 5 9 4 1 6
 0 3 2 9 1 7 5 A B 8 4 6
 0 3 2 9 1 B 5 A 7 8 4 6
 0 3 2 9 1 B 7 8 5 A 4 6
 0 3 2 9 5 7 1 A B 4 8 6
 0 3 2 9 5 A B 1 7 4 8 6
 0 3 2 9 7 1 5 A B 8 4 6
 0 3 2 9 7 4 8 A B 5 1 6
 0 3 2 9 7 B 8 A 4 5 1 6
 0 3 2 9 A 8 1 5 B 7 4 6
 0 3 2 9 A 8 5 1 7 B 4 6
 0 3 2 9 B 7 4 A 8 1 5 6
 0 3 2 A 4 9 7 B 1 8 5 6
 0 3 2 A 5 7 1 B 4 8 9 6
 0 3 2 A 5 9 B 4 1 7 8 6
 0 3 2 A 7 8 1 5 B 9 4 6
 0 3 2 A 7 8 1 B 5 9 4 6
 0 3 2 A 7 9 4 8 1 B 5 6
 0 3 2 A 8 1 7 4 5 9 B 6
 0 3 2 A B 5 7 4 9 1 8 6
 0 3 2 A B 8 1 7 5 9 4 6
 0 3 2 A B 9 4 8 5 7 1 6
 0 3 2 B 4 5 9 7 1 8 A 6
 0 3 2 B 7 1 5 A 8 9 4 6
 0 3 2 B 7 9 4 A 8 1 5 6
 0 3 4 1 5 A 8 2 9 B 7 6
 0 3 4 1 5 A 9 B 7 2 8 6
 0 3 4 1 8 2 7 5 9 B A 6
 0 3 4 1 9 8 A 2 7 5 B 6
 0 3 4 1 9 B 5 A 8 7 2 6
 0 3 4 2 7 1 8 5 9 B A 6
 0 3 4 2 7 9 1 8 5 B A 6
 0 3 4 2 7 B 5 1 8 A 9 6
 0 3 4 2 8 1 A 5 9 B 7 6
 0 3 4 2 8 1 A 9 5 7 B 6
 0 3 4 2 9 8 A 7 B 5 1 6
 0 3 4 2 9 B 8 7 1 5 A 6
 0 3 4 2 A 5 9 B 8 1 7 6
 0 3 4 2 A 5 9 B 8 7 1 6
 0 3 4 2 A 5 B 8 7 9 1 6
 0 3 4 2 A 7 9 8 1 5 B 6
 0 3 4 8 1 7 5 2 9 B A 6
 0 3 4 8 1 7 5 2 A 9 B 6
 0 3 4 8 1 B 5 7 2 A 9 6
 0 3 4 8 2 7 5 1 A 9 B 6
 0 3 4 8 2 9 B A 7 5 1 6
 0 3 4 8 A 9 5 2 7 1 B 6
 0 3 4 8 A 9 7 2 B 5 1 6
 0 3 4 9 1 B 8 2 A 5 7 6
 0 3 4 9 5 B 1 A 8 7 2 6
 0 3 4 9 7 2 1 5 B 8 A 6
 0 3 4 9 7 B 5 2 1 8 A 6
 0 3 4 9 B 5 1 A 8 7 2 6
 0 3 4 9 B A 7 5 1 8 2 6
 0 3 4 9 B A 8 5 1 7 2 6
 0 3 4 A 2 7 9 8 5 1 B 6
 0 3 4 A 2 9 B 8 7 5 1 6
 0 3 4 A 5 1 B 8 7 9 2 6
 0 3 4 A 5 2 7 B 1 9 8 6
 0 3 4 A 8 1 5 2 9 B 7 6
 0 3 4 A 8 5 9 B 7 2 1 6
 0 3 4 A 9 5 2 7 B 1 8 6
 0 3 4 B 5 1 A 2 7 9 8 6
 0 3 4 B 5 1 A 8 7 9 2 6
 0 3 4 B 5 2 A 8 7 9 1 6
 0 3 4 B 7 5 2 8 A 9 1 6
 0 3 4 B A 8 1 7 9 5 2 6
 0 3 4 B A 8 5 1 7 9 2 6
 0 3 4 B A 8 5 7 1 9 2 6
 0 3 5 1 7 4 B A 8 9 2 6
 0 3 5 1 8 7 4 A B 9 2 6
 0 3 5 1 A B 4 8 2 9 7 6
 0 3 5 1 A B 9 4 8 2 7 6
 0 3 5 1 B 4 8 2 9 A 7 6
 0 3 5 1 B 8 9 4 A 2 7 6
 0 3 5 2 1 8 9 7 B 4 A 6
 0 3 5 2 7 8 4 A 9 1 B 6
 0 3 5 2 9 A 4 8 1 B 7 6
 0 3 5 2 A B 9 4 8 1 7 6
 0 3 5 2 A B 9 4 8 7 1 6
 0 3 5 4 1 8 2 7 B 9 A 6
 0 3 5 4 1 9 A 8 2 7 B 6
 0 3 5 4 2 8 1 9 A 7 B 6
 0 3 5 4 8 1 7 2 A B 9 6
 0 3 5 4 8 1 7 2 B 9 A 6
 0 3 5 4 8 9 2 A 7 1 B 6
 0 3 5 4 9 1 7 2 A B 8 6
 0 3 5 4 9 1 A B 7 2 8 6
 0 3 5 4 9 A 2 B 7 1 8 6
 0 3 5 4 A B 8 1 9 7 2 6
 0 3 5 4 B 7 1 A 8 9 2 6
 0 3 5 9 2 1 A 4 B 7 8 6
 0 3 5 9 4 2 8 1 A B 7 6
 0 3 5 9 4 2 A B 8 1 7 6
 0 3 5 9 4 2 A B 8 7 1 6
 0 3 5 9 4 A 8 1 2 B 7 6
 0 3 5 9 8 1 7 4 2 A B 6
 0 3 5 9 8 4 2 7 1 A B 6
 0 3 5 A 2 1 7 8 4 B 9 6
 0 3 5 A 2 8 9 4 1 B 7 6
 0 3 5 A 9 1 7 8 4 2 B 6
 0 3 5 A 9 4 1 B 7 8 2 6
 0 3 5 A B 8 4 2 9 1 7 6
 0 3 5 A B 8 7 1 9 4 2 6
 0 3 5 A B 9 8 4 1 7 2 6
 0 3 5 B 4 1 9 A 8 7 2 6
 0 3 5 B 4 8 9 7 2 1 A 6
 0 3 5 B 7 4 9 A 2 1 8 6
 0 3 5 B 7 8 1 A 9 4 2 6
 0 3 5 B 9 4 8 1 2 A 7 6
 0 3 5 B A 2 9 7 8 4 1 6
 0 3 5 B A 7 8 1 9 4 2 6
 0 3 5 B A 7 8 4 2 9 1 6
 0 3 7 1 2 4 B 9 8 5 A 6
 0 3 7 1 2 A 5 4 9 B 8 6
 0 3 7 1 2 A 8 5 4 9 B 6
 0 3 7 1 9 2 4 B A 8 5 6
 0 3 7 1 B 4 5 2 9 8 A 6
 0 3 7 1 B 8 9 2 A 5 4 6
 0 3 7 2 1 9 A 8 5 B 4 6
 0 3 7 2 1 9 B 4 A 8 5 6
 0 3 7 2 1 A 8 4 9 B 5 6
 0 3 7 2 1 A 8 9 5 B 4 6
 0 3 7 2 1 B 8 9 5 A 4 6
 0 3 7 2 1 B 8 A 4 9 5 6
 0 3 7 2 4 5 B 9 8 1 A 6
 0 3 7 2 4 5 B A 8 1 9 6
 0 3 7 2 4 A B 9 8 5 1 6
 0 3 7 2 8 1 A B 9 5 4 6
 0 3 7 2 8 A B 9 5 4 1 6
 0 3 7 2 A 8 9 B 5 4 1 6
 0 3 7 2 B 9 8 A 4 5 1 6
 0 3 7 4 2 1 8 9 B 5 A 6
 0 3 7 4 2 8 1 9 B A 5 6
 0 3 7 4 2 8 9 B A 5 1 6
 0 3 7 4 2 9 8 A B 5 1 6
 0 3 7 4 5 A 8 2 1 9 B 6
 0 3 7 4 5 B 9 2 1 8 A 6
 0 3 7 4 9 B A 5 1 2 8 6
 0 3 7 5 1 8 9 2 B A 4 6
 0 3 7 5 2 1 8 9 B 4 A 6
 0 3 7 5 2 9 8 4 A B 1 6
 0 3 7 5 4 1 9 2 8 A B 6
 0 3 7 5 A B 8 2 1 9 4 6
 0 3 7 5 B 4 1 2 9 8 A 6
 0 3 7 5 B 8 1 2 A 9 4 6
 0 3 7 8 1 B 5 2 A 9 4 6
 0 3 7 8 5 A 4 2 1 9 B 6
 0 3 7 8 A 4 9 5 2 1 B 6
 0 3 7 8 A 4 B 9 5 2 1 6
 0 3 7 8 A 5 B 4 2 1 9 6
 0 3 7 8 A 9 4 2 B 5 1 6
 0 3 7 9 2 1 A 8 4 5 B 6
 0 3 7 9 2 1 A 8 4 B 5 6
 0 3 7 9 2 1 B 8 4 A 5 6
 0 3 7 9 2 8 4 1 B A 5 6
 0 3 7 9 2 A B 5 4 1 8 6
 0 3 7 9 2 B A 4 5 1 8 6
 0 3 7 9 4 5 2 8 1 B A 6
 0 3 7 9 5 4 2 8 1 A B 6
 0 3 7 9 5 4 A 8 1 2 B 6
 0 3 7 9 A 5 B 8 4 2 1 6
 0 3 7 9 A 8 4 B 5 2 1 6
 0 3 8 2 1 5 7 4 B 9 A 6
 0 3 8 2 1 A B 7 5 9 4 6
 0 3 8 2 4 1 9 7 B A 5 6
 0 3 8 2 4 5 1 A 9 7 B 6
 0 3 8 2 9 1 A B 7 5 4 6
 0 3 8 2 A 9 7 4 B 1 5 6
 0 3 8 2 A B 9 4 1 5 7 6
 0 3 8 4 2 9 1 A B 5 7 6
 0 3 8 4 2 9 B A 7 1 5 6
 0 3 8 4 5 7 1 B A 2 9 6
 0 3 8 4 5 B 1 A 2 9 7 6
 0 3 8 4 5 B 1 A 9 7 2 6
 0 3 8 4 A 9 7 2 B 1 5 6
 0 3 8 4 A B 1 5 2 9 7 6
 0 3 8 5 1 2 4 A 9 7 B 6
 0 3 8 5 1 2 9 7 B A 4 6
 0 3 8 5 4 A B 1 9 7 2 6
 0 3 8 5 9 4 2 A B 1 7 6
 0 3 8 5 9 7 1 2 4 B A 6
 0 3 8 7 1 5 2 4 B 9 A 6
 0 3 8 7 1 5 2 A B 9 4 6
 0 3 8 7 1 A 2 4 B 9 5 6
 0 3 8 7 2 4 1 5 B 9 A 6
 0 3 8 7 2 4 1 B 5 9 A 6
 0 3 8 7 2 4 5 B 9 1 A 6
 0 3 8 7 B 1 A 4 2 9 5 6
 0 3 8 9 1 7 5 2 4 B A 6
 0 3 8 9 5 7 4 A 2 1 B 6
 0 3 8 9 7 1 5 2 4 B A 6
 0 3 8 9 7 2 4 1 5 B A 6
 0 3 8 9 7 2 B 1 5 4 A 6
 0 3 8 9 B 7 1 A 5 4 2 6
 0 3 8 9 B A 5 1 7 4 2 6
 0 3 8 A 2 1 7 4 B 9 5 6
 0 3 8 A 2 1 9 7 4 5 B 6
 0 3 8 A 2 1 9 7 4 B 5 6
 0 3 8 A 2 B 9 4 5 1 7 6
 0 3 8 A 4 5 2 1 9 7 B 6
 0 3 8 A 4 5 2 9 1 B 7 6
 0 3 8 A 9 4 2 B 7 1 5 6
 0 3 8 A 9 7 4 B 5 1 2 6
 0 3 8 A B 5 4 1 9 7 2 6
 0 3 8 A B 7 1 5 4 2 9 6
 0 3 8 A B 9 5 4 1 7 2 6
 0 3 9 1 2 4 B 8 7 5 A 6
 0 3 9 1 2 7 5 4 B 8 A 6
 0 3 9 1 8 7 5 2 A B 4 6
 0 3 9 1 B 8 7 2 4 5 A 6
 0 3 9 1 B A 5 2 7 8 4 6
 0 3 9 2 1 A 8 4 5 7 B 6
 0 3 9 2 1 B 7 4 8 A 5 6
 0 3 9 2 4 5 1 A 8 7 B 6
 0 3 9 2 4 8 7 5 1 A B 6
 0 3 9 2 A 8 7 4 B 1 5 6
 0 3 9 4 2 A B 8 1 5 7 6
 0 3 9 4 5 1 B 8 A 2 7 6
 0 3 9 4 5 2 A 8 7 B 1 6
 0 3 9 4 8 7 5 2 A B 1 6
 0 3 9 4 8 A B 7 5 2 1 6
 0 3 9 5 4 B 1 A 2 7 8 6
 0 3 9 5 7 2 1 A B 4 8 6
 0 3 9 5 7 4 B A 8 1 2 6
 0 3 9 5 A 8 7 4 B 1 2 6
 0 3 9 5 A B 1 8 7 4 2 6
 0 3 9 7 2 1 5 A B 8 4 6
 0 3 9 7 2 A B 8 1 5 4 6
 0 3 9 7 8 1 5 2 4 B A 6
 0 3 9 7 B 4 5 2 1 8 A 6
 0 3 9 7 B 8 1 2 A 5 4 6
 0 3 9 8 1 5 7 4 2 A B 6
 0 3 9 8 1 A 2 4 B 7 5 6
 0 3 9 8 4 2 7 B 1 A 5 6
 0 3 9 8 4 B 1 A 2 7 5 6
 0 3 9 8 A 2 7 4 5 1 B 6
 0 3 9 A 2 4 B 8 7 5 1 6
 0 3 9 A 5 2 4 8 1 B 7 6
 0 3 9 A 5 7 B 8 4 2 1 6
 0 3 9 A 8 1 5 2 4 B 7 6
 0 3 9 A 8 4 B 1 5 2 7 6
 0 3 9 B 4 5 1 A 8 7 2 6
 0 3 9 B 7 4 5 A 2 1 8 6
 0 3 9 B 7 8 1 A 5 4 2 6
 0 3 9 B A 2 7 4 5 1 8 6
 0 3 9 B A 5 1 2 7 4 8 6
 0 3 A 2 1 9 7 8 5 B 4 6
 0 3 A 2 1 B 5 7 8 4 9 6
 0 3 A 2 4 5 B 8 1 9 7 6
 0 3 A 2 7 1 B 8 9 5 4 6
 0 3 A 2 7 4 5 B 1 9 8 6
 0 3 A 2 7 9 8 4 1 B 5 6
 0 3 A 2 8 9 B 7 5 4 1 6
 0 3 A 2 B 4 5 1 7 9 8 6
 0 3 A 2 B 4 5 7 1 9 8 6
 0 3 A 2 B 9 8 4 5 7 1 6
 0 3 A 4 2 7 B 1 9 8 5 6
 0 3 A 4 2 B 7 9 8 1 5 6
 0 3 A 4 5 1 B 8 7 9 2 6
 0 3 A 4 5 2 7 B 1 9 8 6
 0 3 A 4 8 1 2 B 9 5 7 6
 0 3 A 4 8 9 B 7 5 2 1 6
 0 3 A 4 9 B 8 7 5 1 2 6
 0 3 A 7 8 1 9 B 5 4 2 6
 0 3 A 7 B 5 1 2 4 9 8 6
 0 3 A 7 B 9 8 2 4 5 1 6
 0 3 A 8 4 5 9 2 B 1 7 6
 0 3 A 8 4 9 1 2 B 5 7 6
 0 3 A 8 5 4 9 B 7 1 2 6
 0 3 A 8 7 1 9 B 4 5 2 6
 0 3 A 8 7 4 5 B 1 9 2 6
 0 3 A 8 7 4 9 5 B 1 2 6
 0 3 A 8 7 4 9 B 5 1 2 6
 0 3 A 8 7 9 5 B 4 1 2 6
 0 3 A 8 7 B 5 1 2 4 9 6
 0 3 A 8 9 2 1 5 B 7 4 6
 0 3 A 8 9 2 4 1 5 B 7 6
 0 3 A 8 9 2 B 7 1 5 4 6
 0 3 A 8 9 5 2 1 7 B 4 6
 0 3 A 9 1 2 7 5 B 8 4 6
 0 3 A 9 1 B 5 2 7 8 4 6
 0 3 A 9 2 4 1 5 B 7 8 6
 0 3 A 9 2 4 5 1 7 B 8 6
 0 3 A 9 5 7 1 2 B 4 8 6
 0 3 A 9 5 7 B 4 1 2 8 6
 0 3 A 9 5 B 1 2 7 4 8 6
 0 3 A 9 7 B 8 2 4 5 1 6
 0 3 A 9 B 5 1 2 7 4 8 6
 0 3 A 9 B 7 4 2 8 1 5 6
 0 3 A 9 B 8 4 2 7 1 5 6
 0 3 A B 1 5 2 8 4 9 7 6
 0 3 A B 5 2 4 8 1 9 7 6
 0 3 A B 7 1 5 2 4 9 8 6
 0 3 A B 7 5 9 8 2 4 1 6
 0 3 A B 8 1 7 9 5 4 2 6
 0 3 A B 9 2 4 8 5 1 7 6
 0 3 A B 9 2 8 4 1 5 7 6
 0 3 A B 9 5 2 4 8 1 7 6
 0 3 A B 9 5 2 4 8 7 1 6
 0 3 A B 9 5 7 4 8 2 1 6
 0 3 B 1 2 7 4 A 5 9 8 6
 0 3 B 1 5 4 9 A 7 2 8 6
 0 3 B 1 7 4 5 A 2 9 8 6
 0 3 B 1 7 8 5 A 9 4 2 6
 0 3 B 1 8 5 9 A 4 2 7 6
 0 3 B 1 A 5 4 9 7 8 2 6
 0 3 B 1 A 9 4 8 2 7 5 6
 0 3 B 4 1 2 8 A 5 9 7 6
 0 3 B 4 2 1 7 8 A 5 9 6
 0 3 B 4 2 8 7 9 1 A 5 6
 0 3 B 4 2 8 9 1 A 5 7 6
 0 3 B 4 2 9 8 A 7 1 5 6
 0 3 B 4 5 7 1 A 2 9 8 6
 0 3 B 5 7 4 9 A 2 1 8 6
 0 3 B 5 7 8 1 A 9 4 2 6
 0 3 B 5 9 A 8 7 2 4 1 6
 0 3 B 5 A 2 1 8 9 7 4 6
 0 3 B 5 A 2 4 1 8 9 7 6
 0 3 B 5 A 8 7 9 4 1 2 6
 0 3 B 8 1 2 4 A 5 9 7 6
 0 3 B 8 1 7 9 A 5 4 2 6
 0 3 B 8 9 7 2 1 5 A 4 6
 0 3 B 8 A 4 5 9 7 2 1 6
 0 3 B 8 A 4 9 7 2 1 5 6
 0 3 B 8 A 5 4 9 7 1 2 6
 0 3 B 8 A 9 4 2 7 1 5 6
 0 3 B 9 1 8 2 4 5 A 7 6
 0 3 B 9 1 8 A 4 5 2 7 6
 0 3 B 9 2 1 7 4 8 A 5 6
 0 3 B 9 2 4 8 7 1 A 5 6
 0 3 B 9 8 1 A 4 5 7 2 6
 0 3 B 9 A 2 7 1 8 5 4 6
 0 3 B 9 A 4 8 5 7 2 1 6
 0 3 B 9 A 5 2 4 8 1 7 6
 0 3 B 9 A 5 2 4 8 7 1 6
 0 3 B 9 A 5 7 4 8 2 1 6
 0 3 B 9 A 7 2 8 1 5 4 6
 0 3 B A 2 4 9 7 1 8 5 6
 0 3 B A 4 2 7 9 1 8 5 6
 0 3 B A 4 5 2 7 9 1 8 6
 0 3 B A 5 2 4 8 9 7 1 6
 0 3 B A 5 2 4 9 1 7 8 6
 0 3 B A 5 7 4 2 8 9 1 6
 0 3 B A 5 7 4 9 1 2 8 6
 0 3 B A 5 9 2 4 1 7 8 6
 0 3 B A 5 9 7 8 2 4 1 6
 0 3 B A 7 9 4 2 8 1 5 6
 0 3 B A 8 1 7 2 4 5 9 6
 0 3 B A 8 1 7 9 4 5 2 6
 0 3 B A 8 2 7 9 4 1 5 6
 0 4 1 2 5 A 8 3 9 B 7 6
 0 4 1 2 5 A 8 7 3 9 B 6
 0 4 1 2 5 A 8 7 9 3 B 6
 0 4 1 2 7 3 9 B A 5 8 6
 0 4 1 2 7 3 A 9 B 5 8 6
 0 4 1 2 7 5 8 3 9 B A 6
 0 4 1 2 7 5 8 A 9 3 B 6
 0 4 1 2 7 9 3 B A 5 8 6
 0 4 1 2 7 9 5 B A 8 3 6
 0 4 1 2 7 9 8 B 5 3 A 6
 0 4 1 2 9 3 5 A 8 B 7 6
 0 4 1 2 9 B 5 3 8 7 A 6
 0 4 1 2 9 B 5 A 8 7 3 6
 0 4 1 3 2 7 A 8 9 5 B 6
 0 4 1 3 2 9 7 8 B 5 A 6
 0 4 1 3 8 7 2 5 B 9 A 6
 0 4 1 3 8 7 5 B 2 9 A 6
 0 4 1 3 8 9 7 2 5 B A 6
 0 4 1 3 A 8 9 2 5 B 7 6
 0 4 1 3 A 8 9 5 B 2 7 6
 0 4 1 3 A 9 2 5 B 7 8 6
 0 4 1 3 A 9 2 8 B 7 5 6
 0 4 1 3 A 9 5 B 2 7 8 6
 0 4 1 3 A B 9 5 8 2 7 6
 0 4 1 3 B 9 2 8 7 A 5 6
 0 4 1 3 B 9 8 2 7 A 5 6
 0 4 1 3 B 9 A 5 8 2 7 6
 0 4 1 7 2 5 3 8 9 B A 6
 0 4 1 7 3 2 5 A 8 9 B 6
 0 4 1 7 3 5 A B 2 9 8 6
 0 4 1 7 5 8 A 9 2 3 B 6
 0 4 1 7 8 A 9 2 5 3 B 6
 0 4 1 7 9 2 3 B A 5 8 6
 0 4 1 8 7 9 2 A B 5 3 6
 0 4 1 8 9 B 5 3 2 7 A 6
 0 4 1 8 A 9 3 B 2 7 5 6
 0 4 1 8 B 5 3 2 7 9 A 6
 0 4 1 9 2 3 A 8 B 5 7 6
 0 4 1 9 3 2 7 5 8 A B 6
 0 4 1 9 7 2 8 B A 3 5 6
 0 4 1 9 7 8 A 3 2 5 B 6
 0 4 1 9 A 8 3 5 B 2 7 6
 0 4 1 9 B 5 A 8 7 2 3 6
 0 4 1 B 2 7 3 9 8 A 5 6
 0 4 1 B 5 8 3 2 7 9 A 6
 0 4 1 B 5 8 7 9 2 3 A 6
 0 4 1 B 7 A 9 2 8 3 5 6
 0 4 2 1 3 9 5 A 7 8 B 6
 0 4 2 1 7 9 5 A B 8 3 6
 0 4 2 1 8 5 A B 7 9 3 6
 0 4 2 1 8 5 B 7 9 A 3 6
 0 4 2 1 8 9 B 5 A 7 3 6
 0 4 2 1 9 3 5 A 7 8 B 6
 0 4 2 1 9 3 8 5 7 A B 6
 0 4 2 1 9 B 5 A 7 8 3 6
 0 4 2 1 A 3 9 5 7 8 B 6
 0 4 2 3 5 A 7 1 9 8 B 6
 0 4 2 3 8 5 1 7 A 9 B 6
 0 4 2 3 8 7 A 5 B 1 9 6
 0 4 2 3 8 B A 5 1 7 9 6
 0 4 2 3 8 B A 5 7 1 9 6
 0 4 2 3 9 B 8 7 A 5 1 6
 0 4 2 3 A 7 9 8 B 5 1 6
 0 4 2 3 B 5 A 1 8 7 9 6
 0 4 2 3 B A 5 8 1 7 9 6
 0 4 2 5 7 3 9 8 1 A B 6
 0 4 2 5 7 8 1 A 9 3 B 6
 0 4 2 5 A B 1 8 7 3 9 6
 0 4 2 5 B 7 8 1 3 A 9 6
 0 4 2 7 1 3 B A 5 8 9 6
 0 4 2 7 3 5 B A 1 8 9 6
 0 4 2 7 3 9 8 B 1 A 5 6
 0 4 2 7 3 9 B A 1 8 5 6
 0 4 2 7 8 3 5 B A 1 9 6
 0 4 2 7 8 B 5 1 3 A 9 6
 0 4 2 7 8 B A 5 1 3 9 6
 0 4 2 7 9 3 B A 1 8 5 6
 0 4 2 7 A 9 3 B 1 8 5 6
 0 4 2 9 3 5 8 1 A B 7 6
 0 4 2 9 5 A B 8 7 1 3 6
 0 4 2 9 5 B A 7 8 1 3 6
 0 4 2 9 8 1 A B 5 7 3 6
 0 4 2 9 8 5 A B 1 7 3 6
 0 4 2 9 8 5 A B 7 1 3 6
 0 4 2 9 8 B 7 1 A 3 5 6
 0 4 2 9 A 1 3 8 5 B 7 6
 0 4 2 9 B A 1 7 3 8 5 6
 0 4 2 B 1 8 7 A 3 9 5 6
 0 4 2 B 1 9 3 8 7 A 5 6
 0 4 2 B 5 1 8 7 9 A 3 6
 0 4 2 B A 5 7 8 1 9 3 6
 0 4 3 1 8 2 5 A B 7 9 6
 0 4 3 1 8 5 B 2 7 9 A 6
 0 4 3 1 8 9 2 B 5 7 A 6
 0 4 3 1 8 9 B 5 2 7 A 6
 0 4 3 1 8 B 5 2 7 9 A 6
 0 4 3 1 9 2 8 5 7 A B 6
 0 4 3 1 9 B 8 2 7 A 5 6
 0 4 3 5 1 7 A 8 9 2 B 6
 0 4 3 5 1 8 2 7 A B 9 6
 0 4 3 5 2 7 1 8 B 9 A 6
 0 4 3 5 2 7 1 9 A 8 B 6
 0 4 3 5 2 8 1 9 7 A B 6
 0 4 3 5 2 9 A 8 B 7 1 6
 0 4 3 5 8 1 7 2 A B 9 6
 0 4 3 5 8 1 7 2 B 9 A 6
 0 4 3 5 8 9 2 A 7 1 B 6
 0 4 3 5 A 1 9 7 8 2 B 6
 0 4 3 5 A 1 B 7 2 8 9 6
 0 4 3 5 A 1 B 7 8 2 9 6
 0 4 3 5 A 8 B 7 1 2 9 6
 0 4 3 5 B 2 9 7 8 1 A 6
 0 4 3 5 B 7 A 8 1 2 9 6
 0 4 3 5 B 8 1 2 9 7 A 6
 0 4 3 5 B 8 9 7 2 A 1 6
 0 4 3 8 2 B 1 9 7 A 5 6
 0 4 3 8 5 7 1 B 2 9 A 6
 0 4 3 8 5 B 1 2 9 7 A 6
 0 4 3 8 9 7 2 5 B 1 A 6
 0 4 3 8 A 1 7 2 B 9 5 6
 0 4 3 8 A 1 9 7 2 B 5 6
 0 4 3 8 A 7 1 B 2 9 5 6
 0 4 3 8 B 1 7 5 2 9 A 6
 0 4 3 9 5 2 7 8 A 1 B 6
 0 4 3 9 5 2 7 A B 1 8 6
 0 4 3 9 5 7 A 8 1 2 B 6
 0 4 3 A 1 2 7 9 5 B 8 6
 0 4 3 A 1 9 2 B 5 7 8 6
 0 4 3 A 1 9 B 5 2 7 8 6
 0 4 3 A 1 9 B 8 2 7 5 6
 0 4 3 A 1 B 7 9 2 8 5 6
 0 4 3 A 1 B 8 2 7 9 5 6
 0 4 3 A 8 1 2 5 B 7 9 6
 0 4 3 A 8 B 5 1 2 7 9 6
 0 4 3 B 1 7 2 5 A 8 9 6
 0 4 3 B 2 9 A 8 5 7 1 6
 0 4 3 B 5 2 7 9 A 1 8 6
 0 4 3 B 5 2 9 7 8 A 1 6
 0 4 3 B 5 7 A 8 1 2 9 6
 0 4 5 1 7 2 B 9 8 A 3 6
 0 4 5 1 7 9 2 B A 8 3 6
 0 4 5 1 7 A 3 2 9 B 8 6
 0 4 5 1 A 8 3 9 B 2 7 6
 0 4 5 1 B 2 9 3 8 A 7 6
 0 4 5 1 B A 7 9 2 8 3 6
 0 4 5 2 7 1 9 B A 8 3 6
 0 4 5 2 7 3 9 8 A 1 B 6
 0 4 5 2 7 3 9 B A 1 8 6
 0 4 5 2 7 9 3 1 8 B A 6
 0 4 5 2 7 9 3 B A 1 8 6
 0 4 5 2 7 A 9 3 B 1 8 6
 0 4 5 2 8 7 A 3 1 9 B 6
 0 4 5 2 9 3 8 A 1 B 7 6
 0 4 5 2 9 7 1 3 8 B A 6
 0 4 5 2 9 B A 1 7 3 8 6
 0 4 5 2 9 B A 8 1 7 3 6
 0 4 5 2 A 3 1 7 9 8 B 6
 0 4 5 2 A 9 7 1 3 8 B 6
 0 4 5 3 2 9 B 8 1 7 A 6
 0 4 5 3 8 B 1 7 2 A 9 6
 0 4 5 3 9 2 B 1 8 7 A 6
 0 4 5 3 9 B 8 7 2 A 1 6
 0 4 5 3 A 1 9 B 8 2 7 6
 0 4 5 3 B 1 8 2 7 A 9 6
 0 4 5 3 B 2 7 1 8 A 9 6
 0 4 5 3 B 2 9 8 A 7 1 6
 0 4 5 3 B A 1 8 2 7 9 6
 0 4 5 7 1 9 2 B A 8 3 6
 0 4 5 7 1 A 3 B 2 9 8 6
 0 4 5 7 2 8 B A 3 1 9 6
 0 4 5 7 2 B A 1 9 3 8 6
 0 4 5 7 2 B A 8 1 9 3 6
 0 4 5 7 3 1 A 9 2 8 B 6
 0 4 5 7 3 9 2 1 A 8 B 6
 0 4 5 7 3 9 2 B A 1 8 6
 0 4 5 7 A 3 1 9 8 2 B 6
 0 4 5 7 A 8 1 9 3 2 B 6
 0 4 5 8 1 3 9 7 2 B A 6
 0 4 5 8 2 7 3 1 A 9 B 6
 0 4 5 8 2 9 B A 7 3 1 6
 0 4 5 8 3 1 7 9 2 B A 6
 0 4 5 8 A 7 3 9 2 1 B 6
 0 4 5 A 1 3 B 8 2 9 7 6
 0 4 5 A 1 7 3 2 9 B 8 6
 0 4 5 A 7 1 3 B 2 9 8 6
 0 4 5 A 7 3 9 B 2 1 8 6
 0 4 5 A 7 9 3 B 2 1 8 6
 0 4 5 A 8 3 B 2 1 7 9 6
 0 4 5 A 8 7 1 3 B 2 9 6
 0 4 5 A 8 7 2 B 1 9 3 6
 0 4 5 A 8 B 1 7 3 2 9 6
 0 4 5 A 8 B 7 1 3 2 9 6
 0 4 5 A 8 B 7 2 1 3 9 6
 0 4 5 B 2 7 3 1 8 A 9 6
 0 4 5 B 2 7 9 8 3 1 A 6
 0 4 5 B 2 9 8 A 7 3 1 6
 0 4 5 B 2 A 3 1 8 7 9 6
 0 4 5 B 2 A 7 9 8 3 1 6
 0 4 5 B 7 9 2 1 A 8 3 6
 0 4 5 B 7 A 8 1 3 2 9 6
 0 4 5 B 8 1 3 2 9 7 A 6
 0 4 5 B 9 2 1 8 A 7 3 6
 0 4 7 1 2 B 9 8 3 5 A 6
 0 4 7 1 3 2 9 5 A B 8 6
 0 4 7 1 8 A 3 2 B 9 5 6
 0 4 7 1 9 2 B A 8 3 5 6
 0 4 7 1 9 B A 5 2 3 8 6
 0 4 7 1 B 8 A 3 2 9 5 6
 0 4 7 2 1 3 8 5 B 9 A 6
 0 4 7 2 1 3 9 5 A B 8 6
 0 4 7 2 1 3 B 5 A 8 9 6
 0 4 7 2 1 9 3 5 A B 8 6
 0 4 7 2 1 9 A 3 5 B 8 6
 0 4 7 2 1 B 8 9 3 5 A 6
 0 4 7 2 1 B 8 A 3 9 5 6
 0 4 7 2 3 5 B 9 8 1 A 6
 0 4 7 2 3 5 B A 8 1 9 6
 0 4 7 2 3 9 B A 8 5 1 6
 0 4 7 2 B A 8 1 3 9 5 6
 0 4 7 2 B A 8 1 9 3 5 6
 0 4 7 2 B A 8 9 3 5 1 6
 0 4 7 3 1 2 8 5 A 9 B 6
 0 4 7 3 1 8 A 9 2 B 5 6
 0 4 7 3 2 9 A 8 5 B 1 6
 0 4 7 3 5 B A 8 1 2 9 6
 0 4 7 3 9 2 1 B 8 A 5 6
 0 4 7 3 A 8 9 B 5 2 1 6
 0 4 7 5 1 A 3 2 8 9 B 6
 0 4 7 5 2 1 9 3 8 A B 6
 0 4 7 5 B 8 1 3 2 9 A 6
 0 4 7 5 B 8 9 2 1 3 A 6
 0 4 7 8 1 3 2 A 5 B 9 6
 0 4 7 8 3 5 B 9 2 1 A 6
 0 4 7 8 5 B 9 2 1 3 A 6
 0 4 7 8 A 3 9 5 2 1 B 6
 0 4 7 9 2 1 A 8 3 B 5 6
 0 4 7 9 2 3 1 8 5 B A 6
 0 4 7 9 5 3 2 8 1 A B 6
 0 4 7 9 5 3 8 2 1 A B 6
 0 4 7 9 5 3 A B 8 2 1 6
 0 4 7 9 8 1 2 B 5 3 A 6
 0 4 7 9 8 1 B 5 2 3 A 6
 0 4 7 9 8 3 1 2 B 5 A 6
 0 4 7 9 A 3 2 8 5 1 B 6
 0 4 7 9 A 3 2 B 5 1 8 6
 0 4 7 9 A 3 B 5 2 1 8 6
 0 4 7 9 A 5 3 B 8 2 1 6
 0 4 7 9 A 8 3 2 B 5 1 6
 0 4 7 9 A 8 3 B 5 2 1 6
 0 4 9 3 B 1 A 8 7 2 5 6
 0 4 9 3 B 2 1 8 A 7 5 6
 0 4 9 3 B 2 1 A 5 7 8 6
 0 4 9 5 2 3 A 8 B 1 7 6
 0 4 9 5 7 1 2 B A 8 3 6
 0 4 9 5 B 1 A 8 7 2 3 6
 0 4 9 5 B 2 1 3 A 7 8 6
 0 4 9 5 B 2 3 1 8 A 7 6
 0 4 9 7 3 2 8 B 1 A 5 6
 0 4 9 7 3 5 8 2 1 A B 6
 0 4 9 7 8 2 B A 5 1 3 6
 0 4 9 7 8 3 2 5 B 1 A 6
 0 4 9 7 8 3 5 B 2 1 A 6
 0 4 9 7 8 5 B 2 1 3 A 6
 0 4 9 7 8 B 5 2 1 3 A 6
 0 4 9 8 2 5 7 3 1 A B 6
 0 4 9 8 3 1 2 B 5 7 A 6
 0 4 9 8 5 7 1 B 2 3 A 6
 0 4 9 8 A 1 7 5 2 3 B 6
 0 4 9 8 A 7 1 2 5 3 B 6
 0 4 9 8 A 7 3 1 2 5 B 6
 0 4 9 8 B 1 7 5 2 3 A 6
 0 4 9 8 B 5 7 2 3 1 A 6
 0 4 9 A 7 2 1 3 B 5 8 6
 0 4 9 A 7 3 2 5 B 1 8 6
 0 4 9 A 7 3 5 8 2 1 B 6
 0 4 9 A 7 3 5 B 2 1 8 6
 0 4 9 A 7 5 1 3 2 8 B 6
 0 4 9 A 7 5 8 2 1 3 B 6
 0 4 9 A 8 5 B 7 2 1 3 6
 0 4 9 A 8 7 2 B 5 1 3 6
 0 4 9 B 2 1 7 3 A 8 5 6
 0 4 9 B 2 1 7 8 5 3 A 6
 0 4 9 B 2 3 A 8 5 1 7 6
 0 4 9 B 2 8 7 3 1 A 5 6
 0 4 9 B 5 1 A 8 7 2 3 6
 0 4 9 B 5 2 3 1 8 7 A 6
 0 4 9 B 5 8 3 1 2 A 7 6
 0 4 9 B 5 8 7 2 3 1 A 6
 0 4 9 B 7 1 A 8 3 2 5 6
 0 4 9 B 7 8 2 1 A 5 3 6
 0 4 9 B 8 3 2 A 1 7 5 6
 0 4 9 B 8 7 1 2 5 3 A 6
 0 4 9 B 8 7 1 2 A 5 3 6
 0 4 9 B A 7 3 1 8 2 5 6
 0 4 9 B A 7 5 1 2 8 3 6
 0 4 9 B A 7 5 1 8 2 3 6
 0 4 9 B A 8 5 1 7 2 3 6
 0 4 A 1 2 7 9 8 5 3 B 6
 0 4 A 1 3 8 7 2 B 9 5 6
 0 4 A 1 9 B 8 3 2 7 5 6
 0 4 A 1 B 8 3 2 7 9 5 6
 0 4 A 3 1 9 B 8 7 2 5 6
 0 4 A 3 5 2 1 9 7 8 B 6
 0 4 A 5 1 3 2 7 8 B 9 6
 0 4 A 5 1 B 2 3 8 7 9 6
 0 4 A 5 1 B 8 7 9 2 3 6
 0 4 A 5 2 3 8 B 1 9 7 6
 0 4 A 5 3 2 7 8 B 1 9 6
 0 4 A 5 8 9 7 3 2 B 1 6
 0 4 A 7 2 1 3 8 B 9 5 6
 0 4 A 7 3 5 8 9 2 1 B 6
 0 4 A 7 5 8 9 2 1 3 B 6
 0 4 A 7 9 8 1 2 5 3 B 6
 0 4 A 9 7 3 5 8 1 2 B 6
 0 4 A 9 B 2 7 3 1 8 5 6
 0 4 A B 2 9 8 5 7 3 1 6
 0 4 A B 7 5 2 9 8 1 3 6
 0 4 A B 7 5 8 1 3 2 9 6
 0 4 A B 7 9 2 1 8 5 3 6
 0 4 A B 8 3 1 9 2 5 7 6
 0 4 A B 9 2 1 8 5 7 3 6
 0 4 B 1 2 5 A 7 3 9 8 6
 0 4 B 1 2 5 A 8 7 3 9 6
 0 4 B 1 2 8 5 A 9 7 3 6
 0 4 B 1 7 3 2 5 A 8 9 6
 0 4 B 1 7 A 9 5 2 3 8 6
 0 4 B 1 9 3 2 5 A 7 8 6
 0 4 B 1 9 3 2 7 A 8 5 6
 0 4 B 1 9 7 A 3 2 8 5 6
 0 4 B 1 A 8 7 3 9 2 5 6
 0 4 B 1 A 9 7 3 8 2 5 6
 0 4 B 2 1 3 9 5 A 7 8 6
 0 4 B 2 1 3 9 7 8 5 A 6
 0 4 B 2 1 7 3 5 A 8 9 6
 0 4 B 2 1 9 3 5 A 7 8 6
 0 4 B 2 1 9 3 8 A 7 5 6
 0 4 B 2 1 A 3 9 5 7 8 6
 0 4 B 2 3 1 7 9 8 5 A 6
 0 4 B 2 3 5 A 7 1 9 8 6
 0 4 B 2 3 5 A 8 7 1 9 6
 0 4 B 2 3 9 8 A 7 5 1 6
 0 4 B 2 8 1 A 9 7 3 5 6
 0 4 B 2 A 3 1 7 9 8 5 6
 0 4 B 2 A 9 7 1 3 8 5 6
 0 4 B 5 1 3 2 7 A 8 9 6
 0 4 B 5 1 A 8 7 9 2 3 6
 0 4 B 5 2 1 3 8 9 7 A 6
 0 4 B 5 2 1 9 7 8 A 3 6
 0 4 B 5 2 3 8 A 1 9 7 6
 0 4 B 5 2 A 1 3 8 9 7 6
 0 4 B 5 2 A 9 7 8 1 3 6
 0 4 B 5 3 2 7 8 A 1 9 6
 0 4 B 5 8 7 9 2 3 1 A 6
 0 4 B 7 1 2 5 3 8 A 9 6
 0 4 B 7 1 3 2 5 A 8 9 6
 0 4 B 7 1 A 9 2 3 5 8 6
 0 4 B 7 5 2 3 9 8 A 1 6
 0 4 B 7 5 A 1 3 2 8 9 6
 0 4 B 7 A 8 9 3 5 2 1 6
 0 4 B 8 2 1 9 7 A 3 5 6
 0 4 B 8 2 3 5 A 1 9 7 6
 0 4 B 8 7 9 3 1 2 5 A 6
 0 4 B 8 9 7 1 3 2 5 A 6
 0 4 B 8 A 1 9 3 2 7 5 6
 0 4 B 9 2 3 5 8 7 1 A 6
 0 4 B 9 3 2 5 7 8 1 A 6
 0 4 B 9 3 5 8 1 2 A 7 6
 0 4 B 9 5 2 1 7 8 A 3 6
 0 4 B 9 5 2 3 8 A 1 7 6
 0 4 B 9 5 7 8 2 1 A 3 6
 0 4 B 9 5 A 7 8 2 1 3 6
 0 4 B 9 8 5 7 1 2 A 3 6
 0 4 B 9 A 7 3 5 8 2 1 6
 0 4 B A 1 3 9 5 2 7 8 6
 0 4 B A 1 7 9 5 2 3 8 6
 0 4 B A 1 9 3 5 2 7 8 6
 0 4 B A 7 1 9 2 3 5 8 6
 0 4 B A 7 9 5 8 2 3 1 6
 0 4 B A 8 1 2 5 7 3 9 6
 0 4 B A 8 1 7 9 5 2 3 6
 0 4 B A 8 5 1 2 7 9 3 6
 0 4 B A 8 5 1 7 9 2 3 6
 0 4 B A 8 5 7 1 9 2 3 6
 0 4 B A 8 9 5 2 7 1 3 6
 0 5 1 2 4 7 B A 8 3 9 6
 0 5 1 2 4 8 B 9 3 A 7 6
 0 5 1 2 4 A 7 B 9 8 3 6
 0 5 1 2 4 A 9 7 B 8 3 6
 0 5 1 2 8 A 7 B 9 4 3 6
 0 5 1 2 8 A 9 7 4 B 3 6
 0 5 1 2 8 B 3 A 9 7 4 6
 0 5 1 2 9 7 B 8 A 4 3 6
 0 5 1 2 B 3 A 4 7 9 8 6
 0 5 1 2 B 9 8 3 7 A 4 6
 0 5 1 3 2 9 A 4 7 B 8 6
 0 5 1 3 4 7 B A 8 2 9 6
 0 5 1 3 4 A 7 B 2 9 8 6
 0 5 1 3 4 A 8 7 B 2 9 6
 0 5 1 3 7 4 A B 2 9 8 6
 0 5 1 3 7 8 B A 4 2 9 6
 0 5 1 3 9 A 8 7 4 B 2 6
 0 5 1 4 2 3 9 8 A 7 B 6
 0 5 1 4 2 8 9 B 3 A 7 6
 0 5 1 4 3 7 2 8 A B 9 6
 0 5 1 4 3 7 9 A 8 2 B 6
 0 5 1 4 3 9 7 8 A 2 B 6
 0 5 1 4 B 8 A 2 3 9 7 6
 0 5 1 4 B A 8 2 3 7 9 6
 0 5 1 7 4 2 9 8 A B 3 6
 0 5 1 7 4 3 A 8 9 B 2 6
 0 5 1 7 4 B 9 8 A 2 3 6
 0 5 1 7 8 A 2 B 9 4 3 6
 0 5 1 7 8 A 9 4 2 B 3 6
 0 5 1 7 A 2 B 9 8 3 4 6
 0 5 1 7 A 9 B 8 3 4 2 6
 0 5 1 7 B 2 4 3 A 8 9 6
 0 5 1 7 B 8 A 9 4 2 3 6
 0 5 1 8 2 4 3 7 A B 9 6
 0 5 1 8 7 9 A 4 2 B 3 6
 0 5 1 8 7 A 2 B 9 3 4 6
 0 5 1 8 A 2 B 9 3 4 7 6
 0 5 1 8 B A 2 3 9 7 4 6
 0 5 1 8 B A 4 2 3 7 9 6
 0 5 1 8 B A 7 9 3 4 2 6
 0 5 1 A 2 4 3 9 7 8 B 6
 0 5 1 A 4 2 3 7 9 8 B 6
 0 5 1 A 4 B 2 3 7 9 8 6
 0 5 1 A 8 2 9 B 3 4 7 6
 0 5 1 A 8 7 9 3 4 B 2 6
 0 5 1 A 8 7 B 2 3 9 4 6
 0 5 1 A 8 7 B 2 9 3 4 6
 0 5 1 A 8 9 3 2 4 7 B 6
 0 5 1 A 9 7 2 8 B 3 4 6
 0 5 1 A 9 7 8 2 4 B 3 6
 0 5 1 A 9 7 B 2 8 3 4 6
 0 5 1 A 9 B 3 4 7 2 8 6
 0 5 1 A B 2 4 8 3 9 7 6
 0 5 1 B 2 3 9 4 8 A 7 6
 0 5 1 B 2 3 A 4 8 7 9 6
 0 5 1 B 2 4 8 3 9 A 7 6
 0 5 1 B 2 4 8 9 3 A 7 6
 0 5 1 B 2 9 3 4 8 A 7 6
 0 5 1 B 3 4 7 2 8 A 9 6
 0 5 1 B 8 2 3 7 A 9 4 6
 0 5 1 B 8 3 9 A 2 4 7 6
 0 5 1 B 8 7 9 4 A 2 3 6
 0 5 1 B 8 7 A 2 3 9 4 6
 0 5 1 B 8 7 A 2 9 3 4 6
 0 5 1 B 8 9 3 A 2 4 7 6
 0 5 1 B 8 A 2 3 9 4 7 6
 0 5 1 B 8 A 2 9 3 4 7 6
 0 5 1 B 8 A 9 3 4 7 2 6
 0 5 1 B A 2 4 7 8 3 9 6
 0 5 1 B A 2 8 3 4 7 9 6
 0 5 1 B A 7 2 4 8 9 3 6
 0 5 1 B A 7 9 4 8 2 3 6
 0 5 2 1 3 7 8 B 9 4 A 6
 0 5 2 1 3 9 A 8 4 7 B 6
 0 5 2 1 4 B 3 9 7 8 A 6
 0 5 2 1 4 B 9 3 7 8 A 6
 0 5 2 1 7 9 A 8 4 B 3 6
 0 5 2 1 9 7 8 A 4 B 3 6
 0 5 2 1 9 7 8 B 3 A 4 6
 0 5 2 1 9 B 3 A 4 7 8 6
 0 5 2 1 B 3 9 4 7 8 A 6
 0 5 2 1 B 7 9 A 4 8 3 6
 0 5 2 3 1 7 9 4 8 B A 6
 0 5 2 3 1 9 8 A 4 7 B 6
 0 5 2 3 7 1 4 B 9 8 A 6
 0 5 2 3 7 9 8 4 A 1 B 6
 0 5 2 3 7 A 4 B 1 9 8 6
 0 5 2 3 9 4 8 A 1 B 7 6
 0 5 2 3 9 7 B A 1 8 4 6
 0 5 2 3 A 1 7 B 9 8 4 6
 0 5 2 3 A 4 7 B 1 9 8 6
 0 5 2 3 A 4 8 B 1 9 7 6
 0 5 2 3 A 9 B 7 1 4 8 6
 0 5 2 3 B 1 7 A 9 4 8 6
 0 5 2 3 B 9 1 8 7 A 4 6
 0 5 2 3 B 9 1 8 A 4 7 6
 0 5 2 3 B 9 4 8 A 1 7 6
 0 5 2 3 B A 1 7 9 4 8 6
 0 5 2 3 B A 4 7 9 1 8 6
 0 5 2 4 3 7 1 8 B 9 A 6
 0 5 2 4 3 7 1 9 A 8 B 6
 0 5 2 4 7 8 3 9 1 B A 6
 0 5 2 4 8 3 9 A 1 B 7 6
 0 5 2 4 8 3 B 9 A 1 7 6
 0 5 2 4 8 7 3 9 A 1 B 6
 0 5 2 4 8 9 3 A 1 B 7 6
 0 5 2 4 A 9 1 B 7 8 3 6
 0 5 2 4 A B 9 1 8 7 3 6
 0 5 2 4 B A 1 9 3 7 8 6
 0 5 2 4 B A 8 9 1 7 3 6
 0 5 2 8 3 4 7 9 1 B A 6
 0 5 2 8 4 3 7 9 A 1 B 6
 0 5 2 8 4 B 9 A 1 3 7 6
 0 5 2 8 7 3 A B 9 1 4 6
 0 5 2 8 7 A B 3 1 9 4 6
 0 5 2 8 9 7 B 1 4 3 A 6
 0 5 2 8 A B 3 1 9 4 7 6
 0 5 2 9 1 3 4 A 8 B 7 6
 0 5 2 9 1 3 B A 4 7 8 6
 0 5 2 9 1 B 7 8 A 4 3 6
 0 5 2 9 3 1 4 8 A B 7 6
 0 5 2 9 3 4 8 A 1 B 7 6
 0 5 2 9 7 1 3 4 8 B A 6
 0 5 2 9 B A 1 7 3 4 8 6
 0 5 2 A 1 7 B 9 8 3 4 6
 0 5 2 A 1 8 7 B 9 3 4 6
 0 5 2 A 9 3 4 7 B 1 8 6
 0 5 2 A 9 7 1 3 4 8 B 6
 0 5 2 A 9 7 1 8 B 3 4 6
 0 5 2 A 9 B 3 4 7 1 8 6
 0 5 2 A B 1 4 8 3 9 7 6
 0 5 2 A B 9 4 8 7 1 3 6
 0 5 2 A B 9 8 3 7 1 4 6
 0 5 3 2 4 B 8 9 1 7 A 6
 0 5 3 2 8 4 7 9 1 A B 6
 0 5 3 2 8 9 4 7 B 1 A 6
 0 5 3 2 9 1 7 A B 8 4 6
 0 5 3 2 9 A 1 7 B 8 4 6
 0 5 3 2 A 1 7 4 8 9 B 6
 0 5 3 2 A 1 7 B 8 9 4 6
 0 5 3 2 A 4 7 B 1 8 9 6
 0 5 3 2 A 7 1 4 8 9 B 6
 0 5 3 4 1 7 B 2 9 8 A 6
 0 5 3 4 7 1 9 8 A 2 B 6
 0 5 3 4 7 9 1 8 2 B A 6
 0 5 3 4 7 B 1 8 2 A 9 6
 0 5 3 4 8 B 1 7 2 A 9 6
 0 5 3 4 A 1 9 B 8 7 2 6
 0 5 3 4 A 2 1 8 B 7 9 6
 0 5 3 4 B 2 8 7 9 1 A 6
 0 5 3 7 1 A B 2 9 8 4 6
 0 5 3 7 8 2 4 B A 1 9 6
 0 5 3 7 8 2 B A 1 9 4 6
 0 5 3 7 8 A 4 B 2 1 9 6
 0 5 3 7 9 4 1 2 8 B A 6
 0 5 3 7 9 8 4 A 1 2 B 6
 0 5 3 7 A B 8 2 1 9 4 6
 0 5 3 9 1 2 4 B 8 7 A 6
 0 5 3 9 4 8 A 1 2 B 7 6
 0 5 3 9 4 8 B 1 2 A 7 6
 0 5 3 9 A 2 1 8 B 7 4 6
 0 5 3 9 A 2 4 1 8 B 7 6
 0 5 3 9 A 2 B 1 8 4 7 6
 0 5 3 9 A 7 B 2 1 8 4 6
 0 5 3 A 9 1 2 8 B 7 4 6
 0 5 3 A 9 B 8 4 7 1 2 6
 0 5 3 A B 2 4 8 7 1 9 6
 0 5 3 B 1 4 8 2 9 A 7 6
 0 5 3 B 1 A 2 8 9 4 7 6
 0 5 3 B 1 A 9 4 7 8 2 6
 0 5 3 B 8 7 9 4 A 1 2 6
 0 5 3 B 8 A 9 4 7 1 2 6
 0 5 3 B A 1 7 2 4 8 9 6
 0 5 3 B A 2 4 7 1 8 9 6
 0 5 3 B A 7 2 8 9 1 4 6
 0 5 3 B A 7 8 2 9 1 4 6
 0 5 4 1 3 7 2 8 B 9 A 6
 0 5 4 1 3 9 A 8 B 7 2 6
 0 5 4 1 7 2 A 8 9 B 3 6
 0 5 4 1 7 3 A 8 9 B 2 6
 0 5 4 1 7 9 A 8 3 B 2 6
 0 5 4 1 9 7 2 8 A B 3 6
 0 5 4 1 B 2 8 3 7 9 A 6
 0 5 4 1 B 2 9 3 7 8 A 6
 0 5 4 1 B 7 8 A 2 9 3 6
 0 5 4 1 B 7 9 A 2 8 3 6
 0 5 4 2 8 3 7 A B 1 9 6
 0 5 4 2 9 3 7 8 B 1 A 6
 0 5 4 2 A 7 1 8 9 B 3 6
 0 5 4 2 A 7 B 1 8 9 3 6
 0 5 4 2 B 1 8 9 3 7 A 6
 0 5 4 7 1 8 A 2 3 B 9 6
 0 5 4 7 2 3 9 1 B 8 A 6
 0 5 4 7 2 8 9 B 3 1 A 6
 0 5 4 7 2 8 A B 3 1 9 6
 0 5 4 7 3 1 A 2 8 9 B 6
 0 5 4 7 3 9 A 2 B 1 8 6
 0 5 4 7 8 2 9 B 3 1 A 6
 0 5 4 7 8 2 B 9 1 3 A 6
 0 5 4 7 9 1 A 8 2 3 B 6
 0 5 4 7 9 1 B 8 2 3 A 6
 0 5 4 7 B 1 2 A 8 3 9 6
 0 5 4 8 2 3 A 1 B 7 9 6
 0 5 4 8 A 1 7 2 3 B 9 6
 0 5 4 8 A 1 B 7 2 3 9 6
 0 5 4 A 1 3 B 8 9 7 2 6
 0 5 4 A 2 3 1 8 B 7 9 6
 0 5 4 A 2 B 1 8 9 7 3 6
 0 5 4 A 2 B 1 9 7 8 3 6
 0 5 4 A 7 3 1 8 9 B 2 6
 0 5 4 A 7 8 3 1 9 B 2 6
 0 5 4 B 1 A 2 8 9 7 3 6
 0 5 4 B 7 9 1 A 8 2 3 6
 0 5 4 B 9 1 2 8 A 7 3 6
 0 5 7 1 4 8 3 2 A B 9 6
 0 5 7 1 4 8 3 2 B 9 A 6
 0 5 7 1 4 B 3 2 A 8 9 6
 0 5 7 1 8 B 3 4 2 A 9 6
 0 5 7 1 A 8 9 4 3 B 2 6
 0 5 7 2 B 3 4 A 1 9 8 6
 0 5 7 2 B A 1 9 3 4 8 6
 0 5 7 3 1 4 B A 2 8 9 6
 0 5 7 3 2 9 1 4 A B 8 6
 0 5 7 3 4 A 2 1 8 B 9 6
 0 5 7 3 9 A 2 1 4 B 8 6
 0 5 7 4 2 1 8 B 3 9 A 6
 0 5 7 4 2 3 9 1 8 B A 6
 0 5 7 4 3 1 9 A 2 8 B 6
 0 5 7 4 3 9 1 2 A 8 B 6
 0 5 7 4 3 B 9 A 1 8 2 6
 0 5 7 4 8 9 3 2 A 1 B 6
 0 5 7 4 A 2 3 1 9 8 B 6
 0 5 7 8 2 A 9 4 1 B 3 6
 0 5 7 8 2 B 9 1 4 3 A 6
 0 5 7 8 3 2 B 9 1 4 A 6
 0 5 7 8 3 9 1 4 2 B A 6
 0 5 7 8 4 1 B A 2 9 3 6
 0 5 7 8 4 A 1 B 3 2 9 6
 0 5 7 8 B 3 9 4 2 1 A 6
 0 5 7 8 B 3 A 4 2 1 9 6
 0 5 7 A 2 1 9 3 4 B 8 6
 0 5 7 A 2 3 9 8 4 1 B 6
 0 5 7 A 8 4 3 9 1 2 B 6
 0 5 7 B 2 3 1 8 4 A 9 6
 0 5 7 B 2 3 A 4 1 9 8 6
 0 5 7 B 2 8 9 4 3 1 A 6
 0 5 7 B 2 A 4 3 1 8 9 6
 0 5 7 B 2 A 9 3 4 1 8 6
 0 5 7 B A 1 8 4 2 3 9 6
 0 5 7 B A 8 4 1 2 9 3 6
 0 5 8 2 1 3 7 4 B 9 A 6
 0 5 8 2 3 7 9 4 1 B A 6
 0 5 8 2 3 A 9 1 B 7 4 6
 0 5 8 2 4 3 1 9 A 7 B 6
 0 5 8 2 4 B 3 1 9 A 7 6
 0 5 8 2 9 1 B A 7 3 4 6
 0 5 8 2 A B 9 4 1 3 7 6
 0 5 8 3 2 4 1 7 B 9 A 6
 0 5 8 3 2 A B 9 1 7 4 6
 0 5 8 3 4 A 2 1 B 7 9 6
 0 5 8 3 4 A 2 B 1 9 7 6
 0 5 8 3 9 A 2 1 B 7 4 6
 0 5 8 3 9 A 2 4 1 B 7 6
 0 5 8 3 B 9 1 2 4 A 7 6
 0 5 8 3 B 9 A 2 1 7 4 6
 0 5 8 3 B 9 A 2 4 1 7 6
 0 5 8 4 2 1 3 9 A 7 B 6
 0 5 8 4 2 3 7 1 A 9 B 6
 0 5 8 4 3 1 7 9 A 2 B 6
 0 5 8 4 B 1 A 2 3 9 7 6
 0 5 8 4 B 9 A 7 1 3 2 6
 0 5 8 4 B A 2 3 1 7 9 6
 0 5 8 4 B A 7 9 3 1 2 6
 0 5 8 7 1 A 2 3 B 9 4 6
 0 5 8 7 2 3 B 9 1 A 4 6
 0 5 8 7 2 4 1 B 3 9 A 6
 0 5 8 7 2 4 A B 3 1 9 6
 0 5 8 7 2 B 3 1 9 A 4 6
 0 5 8 7 2 B 9 1 3 4 A 6
 0 5 8 7 3 9 A 2 4 1 B 6
 0 5 8 7 4 A 2 3 1 9 B 6
 0 5 8 7 9 1 A 4 2 3 B 6
 0 5 8 9 1 3 A 4 2 B 7 6
 0 5 8 9 3 1 A 2 4 B 7 6
 0 5 8 9 3 7 2 4 1 B A 6
 0 5 8 9 3 A 2 1 B 7 4 6
 0 5 8 9 3 A 2 4 1 B 7 6
 0 5 8 9 7 1 A 2 4 3 B 6
 0 5 8 9 7 4 A 2 1 3 B 6
 0 5 8 A 2 1 7 3 4 B 9 6
 0 5 8 A 2 3 9 4 1 B 7 6
 0 5 8 A 2 3 B 9 4 1 7 6
 0 5 8 A 2 9 3 4 1 B 7 6
 0 5 8 A 9 1 7 3 4 2 B 6
 0 5 8 A 9 1 7 4 2 3 B 6
 0 5 8 A 9 3 4 1 B 7 2 6
 0 5 8 A B 9 4 1 7 3 2 6
 0 5 9 3 1 2 4 B 8 7 A 6
 0 5 9 3 4 2 B 1 8 7 A 6
 0 5 9 3 4 7 2 1 B 8 A 6
 0 5 9 4 2 3 B 8 A 1 7 6
 0 5 9 4 2 A B 8 7 1 3 6
 0 5 9 4 7 1 3 2 A B 8 6
 0 5 9 4 A 1 3 2 B 7 8 6
 0 5 9 7 3 A B 8 2 1 4 6
 0 5 9 7 8 2 B 1 4 3 A 6
 0 5 9 7 8 3 2 B 1 4 A 6
 0 5 9 7 8 3 B 2 1 A 4 6
 0 5 9 7 8 4 A 1 3 2 B 6
 0 5 9 8 2 3 A 1 B 7 4 6
 0 5 9 8 2 4 7 3 1 A B 6
 0 5 9 8 3 1 2 B 7 A 4 6
 0 5 9 8 3 4 2 B 1 7 A 6
 0 5 9 8 A 1 7 3 4 2 B 6
 0 5 9 8 A 1 7 4 2 3 B 6
 0 5 9 8 A 4 1 B 7 2 3 6
 0 5 9 8 A 4 7 3 1 2 B 6
 0 5 9 8 A 7 1 4 2 3 B 6
 0 5 9 8 B 1 7 4 2 3 A 6
 0 5 9 8 B 7 2 3 1 A 4 6
 0 5 9 A 1 7 2 4 3 B 8 6
 0 5 9 A 1 7 3 2 4 B 8 6
 0 5 9 A 4 2 B 1 8 7 3 6
 0 5 9 A 4 7 2 1 3 B 8 6
 0 5 9 A 4 7 3 2 B 1 8 6
 0 5 9 A 8 3 2 B 7 1 4 6
 0 5 9 A 8 3 B 2 1 7 4 6
 0 5 9 A 8 3 B 2 4 1 7 6
 0 5 9 A 8 4 7 1 3 2 B 6
 0 5 9 B 2 3 1 8 4 A 7 6
 0 5 9 B 2 3 1 8 7 4 A 6
 0 5 9 B 2 3 A 8 4 1 7 6
 0 5 9 B 2 A 8 3 4 1 7 6
 0 5 9 B 7 4 3 A 1 2 8 6
 0 5 9 B 8 3 1 2 A 4 7 6
 0 5 9 B 8 3 4 2 1 7 A 6
 0 5 9 B 8 3 4 2 A 1 7 6
 0 5 9 B 8 4 2 3 A 1 7 6
 0 5 9 B 8 7 1 4 2 3 A 6
 0 5 9 B 8 7 2 3 1 4 A 6
 0 5 9 B A 7 1 8 4 2 3 6
 0 5 9 B A 8 4 1 7 2 3 6
 0 5 B 1 2 A 9 7 4 8 3 6
 0 5 B 1 4 3 7 2 A 8 9 6
 0 5 B 1 8 4 2 3 7 A 9 6
 0 5 B 1 A 2 9 7 8 4 3 6
 0 5 B 1 A 8 9 4 7 3 2 6
 0 5 B 2 1 9 A 8 3 7 4 6
 0 5 B 2 3 1 9 4 8 A 7 6
 0 5 B 2 4 1 9 A 8 3 7 6
 0 5 B 2 4 8 3 1 9 A 7 6
 0 5 B 2 9 1 A 8 7 3 4 6
 0 5 B 2 9 A 8 4 1 3 7 6
 0 5 B 2 A 8 9 4 1 3 7 6
 0 5 B 2 A 9 4 1 3 7 8 6
 0 5 B 3 2 4 1 8 9 7 A 6
 0 5 B 3 2 A 1 8 9 7 4 6
 0 5 B 3 4 2 A 1 8 7 9 6
 0 5 B 7 2 3 1 4 8 A 9 6
 0 5 B 7 A 2 4 3 1 8 9 6
 0 5 B 7 A 8 9 4 1 3 2 6
 0 5 B 8 3 1 9 A 2 4 7 6
 0 5 B 8 4 2 9 A 1 3 7 6
 0 5 B 8 7 9 1 4 2 3 A 6
 0 5 B 8 7 A 2 3 1 9 4 6
 0 5 B 8 9 4 2 1 3 7 A 6
 0 5 B 8 9 4 2 A 1 3 7 6
 0 5 B 8 9 7 3 A 2 1 4 6
 0 5 B 8 A 1 9 4 2 3 7 6
 0 5 B 8 A 2 3 1 9 4 7 6
 0 5 B 8 A 9 4 7 3 1 2 6
 0 5 B 9 A 2 4 1 8 7 3 6
 0 5 B A 1 3 7 8 4 2 9 6
 0 5 B A 1 8 4 2 3 7 9 6
 0 5 B A 2 3 1 8 4 7 9 6
 0 5 B A 2 4 1 8 9 7 3 6
 0 5 B A 2 4 1 9 7 8 3 6
 0 5 B A 2 4 7 3 1 8 9 6
 0 5 B A 2 4 7 8 3 1 9 6
 0 5 B A 2 9 7 8 4 1 3 6
 0 5 B A 7 8 4 2 9 1 3 6
 0 5 B A 7 9 1 8 4 2 3 6
 0 7 1 2 5 3 B 4 8 A 9 6
 0 7 1 2 5 4 8 A 3 B 9 6
 0 7 1 2 A 3 5 4 8 B 9 6
 0 7 1 2 A 8 5 4 9 B 3 6
 0 7 1 2 A 8 5 9 B 4 3 6
 0 7 1 2 A 8 B 3 5 4 9 6
 0 7 1 2 A 8 B 4 3 5 9 6
 0 7 1 2 A 9 B 4 8 5 3 6
 0 7 1 2 B 4 8 A 9 5 3 6
 0 7 1 2 B 9 5 4 8 A 3 6
 0 7 1 3 2 A 8 B 4 5 9 6
 0 7 1 4 2 3 8 5 9 B A 6
 0 7 1 4 2 A 9 B 3 8 5 6
 0 7 1 4 2 B 3 8 A 9 5 6
 0 7 1 4 3 5 9 2 A B 8 6
 0 7 1 4 3 8 A 2 B 9 5 6
 0 7 1 4 3 8 A B 9 5 2 6
 0 7 1 4 5 2 A 9 B 3 8 6
 0 7 1 4 5 3 B 8 A 9 2 6
 0 7 1 4 8 A 3 2 B 9 5 6
 0 7 1 4 9 B 3 2 A 8 5 6
 0 7 1 5 2 4 3 8 B 9 A 6
 0 7 1 5 2 A 8 9 B 4 3 6
 0 7 1 5 A 9 B 8 4 2 3 6
 0 7 1 9 8 A 2 B 4 5 3 6
 0 7 1 9 A 2 B 4 3 5 8 6
 0 7 1 9 A 8 B 4 3 5 2 6
 0 7 1 A 2 3 8 B 9 5 4 6
 0 7 1 A 2 4 3 8 B 9 5 6
 0 7 1 A 3 2 4 8 B 9 5 6
 0 7 1 A 3 B 2 4 5 9 8 6
 0 7 1 A 8 4 9 B 3 2 5 6
 0 7 1 A 8 B 3 2 4 9 5 6
 0 7 1 A 9 B 3 8 4 2 5 6
 0 7 1 A B 3 2 4 9 5 8 6
 0 7 1 B 2 4 3 8 5 9 A 6
 0 7 1 B 2 A 3 5 4 8 9 6
 0 7 1 B 4 8 A 9 5 2 3 6
 0 7 1 B 8 9 5 A 2 4 3 6
 0 7 1 B A 2 3 5 8 4 9 6
 0 7 3 1 2 4 8 B 5 A 9 6
 0 7 3 1 2 5 B 4 8 A 9 6
 0 7 3 1 4 5 A 9 B 8 2 6
 0 7 3 1 4 5 B 8 A 9 2 6
 0 7 3 1 4 8 A 9 2 B 5 6
 0 7 3 1 4 9 8 A 2 B 5 6
 0 7 3 1 4 9 8 A B 5 2 6
 0 7 3 1 4 9 B A 2 8 5 6
 0 7 3 1 5 8 9 2 B A 4 6
 0 7 3 1 A 2 4 9 8 B 5 6
 0 7 3 1 A 9 2 4 8 B 5 6
 0 7 3 1 A 9 B 4 5 8 2 6
 0 7 3 1 A 9 B 4 8 2 5 6
 0 7 3 2 4 8 5 B 9 A 1 6
 0 7 3 2 4 9 1 A 8 B 5 6
 0 7 3 2 4 9 1 A B 5 8 6
 0 7 3 2 4 9 A 1 5 B 8 6
 0 7 3 2 8 5 9 A 1 B 4 6
 0 7 3 2 8 5 A B 9 1 4 6
 0 7 3 2 8 A 1 B 4 5 9 6
 0 7 3 2 B 5 9 A 8 1 4 6
 0 7 3 2 B 5 A 8 9 1 4 6
 0 7 3 4 1 5 A 9 B 2 8 6
 0 7 3 4 1 B 5 8 A 9 2 6
 0 7 3 4 2 5 B 8 A 9 1 6
 0 7 3 4 2 8 5 9 B A 1 6
 0 7 3 4 2 8 B 1 5 A 9 6
 0 7 3 4 2 B 5 8 A 9 1 6
 0 7 3 4 2 B 5 9 8 A 1 6
 0 7 3 4 9 8 A 1 B 5 2 6
 0 7 3 4 9 B A 1 5 2 8 6
 0 7 3 4 A 8 5 9 B 2 1 6
 0 7 3 4 A 9 2 B 1 5 8 6
 0 7 3 5 4 8 2 B 9 A 1 6
 0 7 3 5 4 9 1 A B 2 8 6
 0 7 3 5 4 9 A 1 B 8 2 6
 0 7 3 5 4 A 1 B 8 9 2 6
 0 7 3 5 9 2 1 4 A B 8 6
 0 7 3 8 2 B 9 A 1 5 4 6
 0 7 3 8 5 B 9 A 2 1 4 6
 0 7 3 8 A 2 1 4 5 B 9 6
 0 7 3 8 A 9 1 4 2 B 5 6
 0 7 3 9 8 5 A B 1 4 2 6
 0 7 3 9 8 A 1 B 4 5 2 6
 0 7 3 9 B A 8 1 4 5 2 6
 0 7 4 2 1 3 8 B 5 9 A 6
 0 7 4 2 3 9 8 B 1 5 A 6
 0 7 4 2 3 B 5 8 A 9 1 6
 0 7 4 2 3 B 5 9 8 A 1 6
 0 7 4 2 A 3 9 8 B 1 5 6
 0 7 4 2 A 9 1 3 8 B 5 6
 0 7 4 2 A 9 3 8 B 1 5 6
 0 7 4 2 A B 5 9 8 1 3 6
 0 7 4 3 5 8 2 A B 9 1 6
 0 7 4 3 5 B 2 A 8 9 1 6
 0 7 4 3 9 2 A 8 B 1 5 6
 0 7 4 3 9 2 A B 1 5 8 6
 0 7 4 3 9 5 A 8 B 1 2 6
 0 7 4 3 9 B 2 A 8 1 5 6
 0 7 4 3 B 9 2 8 A 1 5 6
 0 7 4 5 3 B 2 8 A 9 1 6
 0 7 4 5 8 2 A 9 B 3 1 6
 0 7 4 5 9 3 2 A 8 B 1 6
 0 7 4 5 A 1 3 B 9 8 2 6
 0 7 4 5 A 1 9 B 3 2 8 6
 0 7 4 5 A 8 2 1 9 B 3 6
 0 7 4 5 A 8 B 1 9 3 2 6
 0 7 4 5 A 9 1 3 B 2 8 6
 0 7 4 5 B 2 A 9 1 3 8 6
 0 7 4 8 1 2 5 3 9 B A 6
 0 7 4 8 1 2 A 9 B 5 3 6
 0 7 4 8 1 3 2 5 B 9 A 6
 0 7 4 8 1 B 2 A 9 3 5 6
 0 7 4 8 9 B 5 3 2 A 1 6
 0 7 4 8 A 9 5 B 2 3 1 6
 0 7 4 8 A B 9 3 2 5 1 6
 0 7 4 9 1 3 2 A 8 B 5 6
 0 7 4 9 1 3 2 A B 5 8 6
 0 7 4 9 1 3 B A 8 2 5 6
 0 7 4 9 3 2 A 8 B 1 5 6
 0 7 4 9 3 2 A B 1 5 8 6
 0 7 4 9 8 2 A 1 B 3 5 6
 0 7 4 9 8 2 A B 1 5 3 6
 0 7 4 9 A 2 1 3 B 5 8 6
 0 7 4 9 A 8 B 5 1 3 2 6
 0 7 4 A 2 1 3 8 B 9 5 6
 0 7 4 A 3 B 1 2 5 9 8 6
 0 7 4 A 8 1 9 B 3 2 5 6
 0 7 4 A 8 9 B 3 2 5 1 6
 0 7 4 A 9 2 3 B 1 5 8 6
 0 7 4 A 9 5 3 8 B 1 2 6
 0 7 4 A B 9 5 8 1 3 2 6
 0 7 5 1 2 4 8 B A 3 9 6
 0 7 5 1 2 B 4 8 A 9 3 6
 0 7 5 1 A 2 3 9 8 B 4 6
 0 7 5 1 A 2 8 9 B 4 3 6
 0 7 5 1 A 4 3 8 9 B 2 6
 0 7 5 1 A 9 2 8 B 3 4 6
 0 7 5 1 A 9 B 4 8 2 3 6
 0 7 5 2 4 8 9 3 B A 1 6
 0 7 5 2 A 9 3 4 8 B 1 6
 0 7 5 2 A B 3 9 8 1 4 6
 0 7 5 4 1 9 2 8 A B 3 6
 0 7 5 4 1 9 3 8 A B 2 6
 0 7 5 4 8 2 B 1 9 A 3 6
 0 7 5 4 8 B 1 2 A 3 9 6
 0 7 5 4 9 3 B 8 A 1 2 6
 0 7 5 4 9 A 1 3 B 8 2 6
 0 7 5 4 A 1 3 B 8 9 2 6
 0 7 5 4 A 2 3 8 B 1 9 6
 0 7 5 8 2 A 9 B 3 4 1 6
 0 7 5 8 4 3 9 A 2 B 1 6
 0 7 5 8 9 1 3 2 B 4 A 6
 0 7 5 8 9 3 B A 2 4 1 6
 0 7 5 8 9 B 3 2 A 4 1 6
 0 7 5 8 A 9 3 B 4 1 2 6
 0 7 5 8 A B 4 1 9 3 2 6
 0 7 5 9 3 2 A B 8 1 4 6
 0 7 5 9 8 2 A B 4 1 3 6
 0 7 5 9 A 3 B 8 2 1 4 6
 0 7 5 9 B 8 1 2 A 4 3 6
 0 7 5 A 1 2 B 3 9 8 4 6
 0 7 5 A 1 9 8 2 B 3 4 6
 0 7 5 B 2 4 3 8 9 1 A 6
 0 7 5 B 4 1 9 8 A 2 3 6
 0 7 5 B 8 1 9 A 2 4 3 6
 0 7 5 B 8 4 9 A 1 3 2 6
 0 7 5 B 8 4 9 A 2 1 3 6
 0 7 8 1 3 B A 4 2 5 9 6
 0 7 8 1 5 3 B 2 4 A 9 6
 0 7 8 1 B 2 A 4 3 5 9 6
 0 7 8 2 5 4 9 B 3 1 A 6
 0 7 8 2 5 9 B 4 3 1 A 6
 0 7 8 2 A 1 B 3 5 4 9 6
 0 7 8 2 A 1 B 4 3 5 9 6
 0 7 8 2 A 9 B 4 1 5 3 6
 0 7 8 2 B 9 1 4 3 5 A 6
 0 7 8 4 2 B 1 5 A 9 3 6
 0 7 8 4 2 B 5 A 9 1 3 6
 0 7 8 4 A 9 2 B 1 5 3 6
 0 7 8 5 1 B A 2 4 9 3 6
 0 7 8 5 3 B 1 4 A 9 2 6
 0 7 8 5 3 B 2 4 A 9 1 6
 0 7 8 5 4 A 1 3 B 9 2 6
 0 7 8 5 4 A 3 1 9 B 2 6
 0 7 8 5 9 3 2 A 1 B 4 6
 0 7 8 5 9 B 2 A 4 3 1 6
 0 7 8 5 A 4 2 1 9 B 3 6
 0 7 8 5 A 4 3 1 9 B 2 6
 0 7 8 5 A 9 3 B 1 4 2 6
 0 7 8 5 B 4 2 A 9 1 3 6
 0 7 8 A 1 B 4 3 9 5 2 6
 0 7 8 A 2 5 1 B 4 3 9 6
 0 7 8 A 2 5 B 4 3 1 9 6
 0 7 8 A 3 9 5 4 1 B 2 6
 0 7 8 A 4 9 5 2 1 B 3 6
 0 7 8 B 1 5 3 2 A 4 9 6
 0 7 8 B 1 5 4 2 A 3 9 6
 0 7 8 B 1 A 3 9 5 4 2 6
 0 7 8 B 1 A 4 9 5 3 2 6
 0 7 8 B 3 5 A 4 2 1 9 6
 0 7 8 B 5 3 2 4 9 1 A 6
 0 7 8 B 5 9 2 4 3 1 A 6
 0 7 8 B 5 A 2 4 3 1 9 6
 0 7 8 B 9 3 2 4 1 5 A 6
 0 7 8 B 9 5 A 4 1 3 2 6
 0 7 9 1 2 5 4 A 3 B 8 6
 0 7 9 1 2 5 A 4 3 B 8 6
 0 7 9 1 2 A 8 5 B 4 3 6
 0 7 9 1 2 B 5 A 8 4 3 6
 0 7 9 1 4 2 3 8 5 B A 6
 0 7 9 1 4 5 3 8 2 B A 6
 0 7 9 1 B 2 3 8 5 4 A 6
 0 7 9 1 B 2 A 4 3 8 5 6
 0 7 9 1 B 8 4 A 3 2 5 6
 0 7 9 2 1 A 8 4 5 B 3 6
 0 7 9 2 3 1 4 8 5 B A 6
 0 7 9 2 3 B A 4 1 5 8 6
 0 7 9 3 2 5 1 A B 4 8 6
 0 7 9 3 2 A 1 B 4 8 5 6
 0 7 9 3 2 A 8 B 4 1 5 6
 0 7 9 3 2 A B 4 1 5 8 6
 0 7 9 3 8 4 1 B A 2 5 6
 0 7 9 3 8 4 2 B A 1 5 6
 0 7 9 3 B A 8 1 4 5 2 6
 0 7 9 5 2 1 4 A B 3 8 6
 0 7 9 5 3 4 8 2 B A 1 6
 0 7 9 5 3 8 B A 4 1 2 6
 0 7 9 5 4 2 8 1 A B 3 6
 0 7 9 5 4 A 1 2 B 3 8 6
 0 7 9 5 4 A 8 1 2 B 3 6
 0 7 9 5 B 2 1 A 3 4 8 6
 0 7 9 8 1 A 4 5 3 B 2 6
 0 7 9 8 2 A B 4 1 5 3 6
 0 7 9 8 2 B 3 1 4 5 A 6
 0 7 9 8 4 1 B 5 A 2 3 6
 0 7 9 8 5 1 B 4 A 2 3 6
 0 7 9 8 5 3 B 4 A 1 2 6
 0 7 9 8 5 B 3 4 2 A 1 6
 0 7 9 8 B 5 1 A 3 4 2 6
 0 7 9 A 2 5 B 8 4 3 1 6
 0 7 9 A 2 8 5 1 B 4 3 6
 0 7 9 A 2 B 5 1 4 3 8 6
 0 7 9 A 2 B 5 8 4 3 1 6
 0 7 9 A 3 2 B 5 1 4 8 6
 0 7 9 A 3 B 5 2 1 4 8 6
 0 7 9 A 4 3 8 5 1 B 2 6
 0 7 9 A 4 8 5 3 B 2 1 6
 0 7 9 A 8 1 4 3 B 5 2 6
 0 7 A 2 1 3 4 9 5 B 8 6
 0 7 A 2 1 3 8 4 5 B 9 6
 0 7 A 2 1 B 8 4 9 3 5 6
 0 7 A 2 3 1 9 8 5 B 4 6
 0 7 A 2 3 5 B 4 1 9 8 6
 0 7 A 2 3 5 B 9 8 4 1 6
 0 7 A 2 3 9 8 5 1 B 4 6
 0 7 A 2 B 4 5 1 3 9 8 6
 0 7 A 2 B 5 1 3 4 9 8 6
 0 7 A 3 1 2 B 5 9 8 4 6
 0 7 A 3 5 B 9 8 4 1 2 6
 0 7 A 3 9 8 4 2 B 1 5 6
 0 7 A 3 9 B 8 4 2 1 5 6
 0 7 A 3 B 1 5 4 2 8 9 6
 0 7 A 3 B 9 1 2 8 5 4 6
 0 7 A 3 B 9 8 2 4 1 5 6
 0 7 A 4 2 1 9 B 3 8 5 6
 0 7 A 4 3 5 1 B 8 9 2 6
 0 7 A 4 5 2 1 9 B 3 8 6
 0 7 A 4 5 9 2 1 3 B 8 6
 0 7 A 4 8 1 3 2 B 9 5 6
 0 7 A 4 8 9 5 3 2 B 1 6
 0 7 A 4 9 8 5 3 B 1 2 6
 0 7 A 8 1 2 4 3 B 5 9 6
 0 7 A 8 1 2 B 3 9 5 4 6
 0 7 A 8 2 1 3 B 4 5 9 6
 0 7 A 8 2 3 B 1 5 4 9 6
 0 7 A 8 4 3 9 2 B 1 5 6
 0 7 A 8 4 5 9 3 2 B 1 6
 0 7 A 8 4 9 1 3 2 B 5 6
 0 7 A 8 4 9 3 2 B 1 5 6
 0 7 A 8 5 4 9 3 B 1 2 6
 0 7 A 8 9 5 B 3 2 4 1 6
 0 7 A 8 9 5 B 4 1 3 2 6
 0 7 A 9 1 2 8 5 3 B 4 6
 0 7 A 9 1 2 B 5 3 8 4 6
 0 7 A 9 1 3 8 4 2 B 5 6
 0 7 A 9 1 3 B 4 2 8 5 6
 0 7 A 9 1 3 B 4 5 2 8 6
 0 7 A 9 1 B 5 2 3 8 4 6
 0 7 A 9 2 3 1 5 B 8 4 6
 0 7 A 9 2 8 4 1 B 3 5 6
 0 7 A 9 2 8 5 1 B 3 4 6
 0 7 A 9 2 B 5 1 3 4 8 6
 0 7 A 9 3 5 1 2 B 4 8 6
 0 7 A 9 3 8 4 2 B 1 5 6
 0 7 A 9 5 2 8 1 B 3 4 6
 0 7 A 9 5 3 4 8 2 B 1 6
 0 7 A 9 5 B 8 1 3 4 2 6
 0 7 A 9 B 3 4 2 8 5 1 6
 0 7 A 9 B 5 3 8 4 1 2 6
 0 7 A B 1 5 3 2 8 4 9 6
 0 7 A B 1 9 3 8 5 4 2 6
 0 7 A B 3 1 9 2 8 5 4 6
 0 7 A B 3 5 4 1 9 2 8 6
 0 7 A B 3 5 4 2 8 1 9 6
 0 7 A B 5 3 2 4 8 1 9 6
 0 7 A B 8 1 3 9 5 4 2 6
 0 7 A B 8 1 9 3 5 4 2 6
 0 7 A B 9 3 2 4 8 5 1 6
 0 7 A B 9 5 4 1 3 8 2 6
 0 7 B 1 2 5 3 8 4 A 9 6
 0 7 B 1 2 5 A 8 4 3 9 6
 0 7 B 1 2 A 4 9 8 5 3 6
 0 7 B 1 2 A 8 5 4 9 3 6
 0 7 B 1 4 2 3 9 8 5 A 6
 0 7 B 1 4 2 A 3 9 8 5 6
 0 7 B 1 4 2 A 9 3 8 5 6
 0 7 B 1 4 3 9 2 A 8 5 6
 0 7 B 1 4 5 2 A 3 9 8 6
 0 7 B 1 4 5 2 A 9 3 8 6
 0 7 B 1 4 5 3 8 2 A 9 6
 0 7 B 1 4 9 3 2 A 8 5 6
 0 7 B 1 4 A 9 5 2 3 8 6
 0 7 B 1 9 8 5 A 4 2 3 6
 0 7 B 1 A 3 9 8 4 2 5 6
 0 7 B 1 A 8 4 3 9 2 5 6
 0 7 B 1 A 8 4 9 3 2 5 6
 0 7 B 1 A 9 2 8 4 5 3 6
 0 7 B 1 A 9 3 8 4 2 5 6
 0 7 B 2 1 A 8 4 9 3 5 6
 0 7 B 2 3 1 9 8 5 A 4 6
 0 7 B 2 3 5 1 A 4 9 8 6
 0 7 B 2 3 5 4 A 8 1 9 6
 0 7 B 2 3 5 A 4 1 9 8 6
 0 7 B 2 4 3 9 A 8 5 1 6
 0 7 B 2 4 5 1 A 3 9 8 6
 0 7 B 2 4 5 1 A 9 3 8 6
 0 7 B 2 4 5 3 9 8 1 A 6
 0 7 B 2 4 A 3 1 9 8 5 6
 0 7 B 2 8 1 A 9 5 3 4 6
 0 7 B 2 8 A 9 5 3 4 1 6
 0 7 B 2 A 8 9 3 5 4 1 6
 0 7 B 4 1 2 5 3 9 8 A 6
 0 7 B 4 1 2 8 A 9 5 3 6
 0 7 B 4 1 2 A 9 3 5 8 6
 0 7 B 4 2 A 1 3 9 8 5 6
 0 7 B 4 5 2 A 1 3 9 8 6
 0 7 B 4 5 3 2 8 A 1 9 6
 0 7 B 4 A 8 9 5 2 1 3 6
 0 7 B 5 1 4 2 3 8 A 9 6
 0 7 B 5 1 A 8 9 2 4 3 6
 0 7 B 5 2 3 1 4 9 8 A 6
 0 7 B 5 2 A 1 3 4 9 8 6
 0 7 B 5 4 2 3 8 A 1 9 6
 0 7 B 5 4 2 A 1 3 8 9 6
 0 7 B 5 8 1 3 4 2 A 9 6
 0 7 B 5 8 9 2 4 3 1 A 6
 0 7 B 5 8 A 3 4 2 1 9 6
 0 7 B 8 1 2 4 A 9 5 3 6
 0 7 B 8 1 4 2 A 9 3 5 6
 0 7 B 8 9 3 5 4 2 A 1 6
 0 7 B 8 9 5 3 2 4 A 1 6
 0 7 B 8 9 5 A 4 2 1 3 6
 0 7 B 8 A 4 3 1 9 2 5 6
 0 7 B 8 A 9 3 4 2 5 1 6
 0 7 B 9 3 2 4 5 8 1 A 6
 0 7 B 9 5 4 1 2 8 A 3 6
 0 7 B 9 5 8 2 1 A 3 4 6
 0 7 B 9 8 2 4 5 1 A 3 6
 0 7 B 9 8 2 5 1 A 3 4 6
 0 7 B 9 8 5 1 2 4 A 3 6
 0 7 B 9 A 3 2 8 5 1 4 6
 0 7 B A 1 3 4 9 5 2 8 6
 0 7 B A 1 9 2 8 5 3 4 6
 0 7 B A 3 5 1 4 2 8 9 6
 0 7 B A 4 1 9 2 3 5 8 6
 0 7 B A 4 2 3 5 8 1 9 6
 0 7 B A 4 2 5 1 3 8 9 6
 0 7 B A 8 2 3 5 1 4 9 6
 0 7 B A 8 2 5 1 3 4 9 6
 0 7 B A 8 4 1 3 9 2 5 6
 0 7 B A 8 5 1 2 4 9 3 6
 0 8 1 2 4 3 7 A 5 B 9 6
 0 8 1 2 4 7 5 B 3 A 9 6
 0 8 1 2 4 7 B 5 3 A 9 6
 0 8 1 2 4 7 B A 5 3 9 6
 0 8 1 2 4 B 5 3 7 A 9 6
 0 8 1 2 4 B A 7 5 9 3 6
 0 8 1 2 5 3 7 4 A 9 B 6
 0 8 1 2 5 B 3 A 9 7 4 6
 0 8 1 2 B 3 9 7 A 5 4 6
 0 8 1 2 B 5 3 7 A 9 4 6
 0 8 1 2 B 9 3 7 A 5 4 6
 0 8 1 3 2 5 9 7 4 A B 6
 0 8 1 3 4 7 5 B A 2 9 6
 0 8 1 3 7 2 5 4 A B 9 6
 0 8 1 3 7 5 4 A B 2 9 6
 0 8 1 3 7 A 9 4 2 B 5 6
 0 8 1 3 7 A B 5 4 2 9 6
 0 8 1 3 9 7 4 B A 2 5 6
 0 8 1 3 9 A 7 5 4 B 2 6
 0 8 1 3 A 9 7 4 5 B 2 6
 0 8 1 4 2 B 3 9 A 5 7 6
 0 8 1 4 3 5 B 9 A 7 2 6
 0 8 1 4 5 3 9 B A 7 2 6
 0 8 1 4 A 9 7 2 B 3 5 6
 0 8 1 4 A B 3 5 2 9 7 6
 0 8 1 5 2 4 3 9 7 A B 6
 0 8 1 5 7 2 B 9 A 4 3 6
 0 8 1 5 7 A 9 3 4 2 B 6
 0 8 1 5 B 2 3 A 9 7 4 6
 0 8 1 5 B 9 A 7 2 4 3 6
 0 8 1 5 B A 7 9 4 2 3 6
 0 8 1 7 4 5 3 A 9 B 2 6
 0 8 1 7 9 A 5 4 2 B 3 6
 0 8 1 7 A 2 3 5 4 B 9 6
 0 8 1 7 A 2 B 9 4 3 5 6
 0 8 1 7 A 9 4 2 B 3 5 6
 0 8 1 7 A B 3 5 4 2 9 6
 0 8 1 7 A B 9 4 3 5 2 6
 0 8 1 7 B 2 4 5 3 A 9 6
 0 8 1 7 B 9 A 5 2 4 3 6
 0 8 1 A 2 3 5 B 9 4 7 6
 0 8 1 A 2 9 B 5 3 4 7 6
 0 8 1 A 4 B 2 3 5 9 7 6
 0 8 1 A 9 3 4 2 5 7 B 6
 0 8 1 A 9 7 2 4 5 B 3 6
 0 8 1 A 9 7 2 5 B 3 4 6
 0 8 1 A 9 B 5 3 4 7 2 6
 0 8 1 A B 2 9 3 7 5 4 6
 0 8 1 A B 3 9 4 2 5 7 6
 0 8 1 A B 3 9 7 2 5 4 6
 0 8 1 A B 5 9 7 2 4 3 6
 0 8 1 A B 9 3 5 4 7 2 6
 0 8 1 A B 9 3 7 2 5 4 6
 0 8 1 B 2 3 5 9 4 A 7 6
 0 8 1 B 2 4 5 9 3 A 7 6
 0 8 1 B 3 5 2 9 A 4 7 6
 0 8 1 B 3 9 A 5 2 4 7 6
 0 8 1 B 3 9 A 7 2 5 4 6
 0 8 1 B 5 2 3 7 A 9 4 6
 0 8 1 B 5 9 A 7 2 4 3 6
 0 8 1 B A 4 7 2 3 5 9 6
 0 8 1 B A 7 2 4 5 9 3 6
 0 8 1 B A 7 2 5 9 3 4 6
 0 8 2 1 3 A B 4 7 5 9 6
 0 8 2 1 4 9 B 3 A 7 5 6
 0 8 2 1 5 3 A B 4 7 9 6
 0 8 2 1 5 7 4 B 9 A 3 6
 0 8 2 1 5 7 A 3 4 B 9 6
 0 8 2 1 A 3 4 7 5 9 B 6
 0 8 2 3 1 A 5 9 B 4 7 6
 0 8 2 3 5 9 7 4 B A 1 6
 0 8 2 5 3 4 B A 7 9 1 6
 0 8 2 5 7 4 3 A B 9 1 6
 0 8 2 5 9 7 4 3 A B 1 6
 0 8 2 5 A B 9 4 1 3 7 6
 0 8 2 7 4 3 5 9 A 1 B 6
 0 8 2 7 9 A 5 4 1 B 3 6
 0 8 2 7 A 9 4 1 B 3 5 6
 0 8 2 7 B 1 4 5 3 A 9 6
 0 8 2 7 B 1 A 9 4 5 3 6
 0 8 2 7 B 9 A 5 4 1 3 6
 0 8 2 9 7 A B 3 5 4 1 6
 0 8 2 9 B 3 1 4 5 A 7 6
 0 8 2 B 1 4 9 A 5 3 7 6
 0 8 2 B 3 1 4 9 A 5 7 6
 0 8 2 B 9 4 5 A 1 3 7 6
 0 8 2 B A 5 3 4 7 9 1 6
 0 8 3 1 2 4 7 B 5 A 9 6
 0 8 3 1 2 5 7 B 4 A 9 6
 0 8 3 1 2 5 7 B A 4 9 6
 0 8 3 1 2 5 9 B 4 A 7 6
 0 8 3 1 4 5 B A 2 7 9 6
 0 8 3 1 4 5 B A 7 9 2 6
 0 8 3 1 4 9 A 2 B 5 7 6
 0 8 3 1 5 4 A B 2 7 9 6
 0 8 3 1 5 B 2 4 9 A 7 6
 0 8 3 1 7 4 5 A 9 B 2 6
 0 8 3 1 7 4 9 B A 2 5 6
 0 8 3 1 7 A 9 B 4 5 2 6
 0 8 3 1 7 B 2 4 5 A 9 6
 0 8 3 1 A 4 5 9 B 2 7 6
 0 8 3 1 A 9 2 4 7 B 5 6
 0 8 3 1 A B 5 4 7 9 2 6
 0 8 3 1 A B 5 9 2 4 7 6
 0 8 3 2 4 5 A 1 7 B 9 6
 0 8 3 2 4 7 1 5 A B 9 6
 0 8 3 2 5 7 4 A B 9 1 6
 0 8 3 2 5 7 B 9 A 4 1 6
 0 8 3 2 5 9 7 1 A B 4 6
 0 8 3 2 5 9 7 4 A B 1 6
 0 8 3 2 5 9 A 7 1 B 4 6
 0 8 3 2 5 A B 9 1 7 4 6
 0 8 3 4 1 7 5 A 9 B 2 6
 0 8 3 4 1 B 5 7 A 9 2 6
 0 8 3 4 2 5 9 B A 7 1 6
 0 8 3 4 2 5 B A 7 9 1 6
 0 8 3 4 2 B 5 7 A 9 1 6
 0 8 3 4 7 5 B 1 A 9 2 6
 0 8 3 4 9 B A 1 7 5 2 6
 0 8 3 4 A 7 5 9 B 2 1 6
 0 8 3 5 4 1 7 A B 9 2 6
 0 8 3 5 4 7 1 A B 9 2 6
 0 8 3 5 4 9 7 1 A B 2 6
 0 8 3 5 4 9 A 7 1 B 2 6
 0 8 3 5 4 A 1 2 7 B 9 6
 0 8 3 5 9 7 4 A B 2 1 6
 0 8 3 5 9 A 4 1 B 2 7 6
 0 8 3 7 1 A 9 B 4 2 5 6
 0 8 3 7 1 A B 9 2 5 4 6
 0 8 3 7 1 B 2 4 5 A 9 6
 0 8 3 7 5 B A 1 2 4 9 6
 0 8 3 7 A 9 2 4 1 B 5 6
 0 8 3 9 1 A B 2 7 5 4 6
 0 8 3 9 1 A B 4 2 5 7 6
 0 8 3 9 1 B 2 4 5 A 7 6
 0 8 5 3 2 4 9 1 7 A B 6
 0 8 5 3 2 4 9 A 1 7 B 6
 0 8 5 3 2 7 9 1 4 A B 6
 0 8 5 3 2 9 1 7 A B 4 6
 0 8 5 3 2 9 A 1 7 B 4 6
 0 8 5 3 2 9 A 4 7 B 1 6
 0 8 5 3 4 9 B A 1 7 2 6
 0 8 5 3 4 B 1 7 A 9 2 6
 0 8 5 3 4 B A 1 7 9 2 6
 0 8 5 3 7 9 2 1 4 A B 6
 0 8 5 3 7 9 4 A B 2 1 6
 0 8 5 3 7 9 A 4 B 2 1 6
 0 8 5 3 A 9 B 4 7 1 2 6
 0 8 5 3 A B 2 4 9 1 7 6
 0 8 5 4 2 9 3 7 A B 1 6
 0 8 5 4 7 1 3 A B 9 2 6
 0 8 5 4 9 7 1 3 A B 2 6
 0 8 5 4 B 9 A 2 7 1 3 6
 0 8 5 7 1 4 3 A B 9 2 6
 0 8 5 7 1 4 B 9 A 3 2 6
 0 8 5 7 A B 3 9 4 2 1 6
 0 8 5 7 B 2 9 A 4 3 1 6
 0 8 5 9 2 4 3 1 7 A B 6
 0 8 5 9 3 A B 1 4 2 7 6
 0 8 5 9 7 1 2 4 B A 3 6
 0 8 5 9 A 3 2 4 7 1 B 6
 0 8 5 9 B 4 2 3 A 1 7 6
 0 8 5 9 B A 4 7 2 3 1 6
 0 8 5 A 1 2 4 3 9 7 B 6
 0 8 5 A 1 2 4 B 3 9 7 6
 0 8 5 A 1 2 4 B 9 3 7 6
 0 8 5 A 9 3 1 2 4 7 B 6
 0 8 5 A 9 7 1 2 4 B 3 6
 0 8 5 A 9 7 1 3 4 B 2 6
 0 8 5 A B 1 4 2 9 3 7 6
 0 8 5 A B 1 4 3 9 7 2 6
 0 8 5 A B 3 2 9 7 1 4 6
 0 8 5 A B 3 9 7 2 1 4 6
 0 8 5 A B 9 1 7 2 4 3 6
 0 8 5 A B 9 3 7 2 1 4 6
 0 8 5 A B 9 4 7 1 3 2 6
 0 8 5 B 1 4 2 9 A 3 7 6
 0 8 5 B 3 1 2 7 A 9 4 6
 0 8 5 B 3 A 1 2 4 9 7 6
 0 8 5 B 4 2 9 A 1 3 7 6
 0 8 5 B 9 A 3 7 2 1 4 6
 0 8 5 B A 1 3 4 9 7 2 6
 0 8 7 1 3 A B 4 2 5 9 6
 0 8 7 1 4 B 9 A 3 5 2 6
 0 8 7 1 5 2 4 B 9 A 3 6
 0 8 7 1 5 3 A B 2 4 9 6
 0 8 7 1 A 2 5 3 4 9 B 6
 0 8 7 1 A 2 9 B 4 5 3 6
 0 8 7 1 A 3 4 2 5 9 B 6
 0 8 7 1 A 5 3 4 9 B 2 6
 0 8 7 1 A 5 9 B 4 2 3 6
 0 8 7 2 4 1 5 A B 9 3 6
 0 8 7 2 4 1 5 B 9 A 3 6
 0 8 7 2 4 1 B 5 9 A 3 6
 0 8 7 2 4 5 A 1 B 3 9 6
 0 8 7 2 4 5 B 9 1 A 3 6
 0 8 7 2 4 9 1 A B 5 3 6
 0 8 7 2 5 3 9 1 A B 4 6
 0 8 7 2 5 9 3 1 A B 4 6
 0 8 7 2 5 B 9 1 A 3 4 6
 0 8 7 2 B 5 9 A 3 1 4 6
 0 8 7 2 B 9 1 4 A 3 5 6
 0 8 7 4 2 5 9 3 A B 1 6
 0 8 7 4 9 B 5 3 A 1 2 6
 0 8 7 4 A 3 1 2 5 9 B 6
 0 8 7 4 A 5 9 B 2 3 1 6
 0 8 7 4 B 9 3 5 A 1 2 6
 0 8 7 5 2 4 B 3 9 A 1 6
 0 8 7 5 2 9 B 3 4 A 1 6
 0 8 7 5 9 3 A 1 2 B 4 6
 0 8 7 5 9 3 A B 2 4 1 6
 0 8 7 5 9 B 2 3 A 4 1 6
 0 8 7 5 A 1 2 4 B 3 9 6
 0 8 7 5 A 1 2 B 3 9 4 6
 0 8 7 5 A 4 1 2 9 B 3 6
 0 8 7 5 B 2 9 1 A 3 4 6
 0 8 7 5 B 3 A 1 2 4 9 6
 0 8 7 9 1 2 B 4 A 5 3 6
 0 8 7 9 1 A 3 4 2 5 B 6
 0 8 7 9 1 A 5 B 4 2 3 6
 0 8 7 9 1 B 4 A 5 2 3 6
 0 8 7 9 2 B 3 1 4 A 5 6
 0 8 7 9 3 1 4 5 A 2 B 6
 0 8 7 9 3 A 1 B 4 5 2 6
 0 8 7 9 4 1 B 5 A 2 3 6
 0 8 7 9 A 3 1 4 B 5 2 6
 0 8 7 A 2 3 5 B 9 4 1 6
 0 8 7 A 2 9 B 5 3 4 1 6
 0 8 7 A 3 1 2 4 B 5 9 6
 0 8 7 A 3 1 2 B 5 9 4 6
 0 8 7 A 3 5 B 9 4 1 2 6
 0 8 7 A 3 9 4 2 B 1 5 6
 0 8 7 A 4 5 2 9 B 3 1 6
 0 8 7 A 5 2 3 9 1 B 4 6
 0 8 7 A 5 3 9 1 2 B 4 6
 0 8 7 A 5 3 9 B 4 1 2 6
 0 8 7 A 5 9 3 1 2 B 4 6
 0 8 7 A 5 9 3 4 2 B 1 6
 0 8 7 A 5 B 3 1 2 4 9 6
 0 8 7 B 1 2 5 3 A 4 9 6
 0 8 7 B 1 A 3 9 4 2 5 6
 0 8 7 B 2 4 9 3 1 A 5 6
 0 8 7 B 5 2 9 A 3 1 4 6
 0 8 7 B 5 3 A 1 2 4 9 6
 0 8 7 B 5 A 1 3 4 2 9 6
 0 8 9 1 7 5 2 4 B A 3 6
 0 8 9 1 7 A 3 5 4 2 B 6
 0 8 9 1 7 A 5 3 2 B 4 6
 0 8 9 1 A 3 2 4 7 5 B 6
 0 8 9 1 B 5 A 7 2 4 3 6
 0 8 9 2 4 1 7 B A 5 3 6
 0 8 9 2 4 B A 7 1 5 3 6
 0 8 9 2 B 1 4 A 5 3 7 6
 0 8 9 2 B 1 5 3 A 4 7 6
 0 8 9 2 B 3 1 4 A 5 7 6
 0 8 9 2 B 3 1 7 A 5 4 6
 0 8 9 2 B 3 A 1 7 5 4 6
 0 8 9 2 B A 5 3 7 1 4 6
 0 8 9 3 7 5 2 4 B A 1 6
 0 8 9 3 7 A 5 2 1 B 4 6
 0 8 9 3 7 A 5 4 2 B 1 6
 0 8 9 4 1 B 5 7 A 3 2 6
 0 8 9 4 2 5 B 1 A 3 7 6
 0 8 9 4 2 B 3 5 A 1 7 6
 0 8 9 4 2 B 5 A 1 3 7 6
 0 8 9 4 3 5 A 7 1 B 2 6
 0 8 9 4 7 1 B A 3 5 2 6
 0 8 9 4 7 5 B 1 A 3 2 6
 0 8 9 4 A 1 B 3 5 2 7 6
 0 8 9 7 1 4 3 5 A 2 B 6
 0 8 9 7 1 4 B A 3 5 2 6
 0 8 9 7 1 5 2 4 B A 3 6
 0 8 9 7 1 A 3 5 4 B 2 6
 0 8 9 7 2 4 1 5 B A 3 6
 0 8 9 7 2 B 1 5 4 A 3 6
 0 8 9 7 2 B 1 5 A 4 3 6
 0 8 9 7 2 B 3 5 4 A 1 6
 0 8 9 7 4 3 A 2 5 B 1 6
 0 8 9 7 4 B 5 A 1 3 2 6
 0 8 9 7 4 B 5 A 2 1 3 6
 0 8 9 7 A 3 2 4 1 5 B 6
 0 8 9 7 A 4 B 3 5 2 1 6
 0 8 9 7 A 5 B 3 2 4 1 6
 0 8 9 7 A 5 B 4 1 3 2 6
 0 8 9 7 B 4 A 5 2 1 3 6
 0 8 9 7 B 5 2 4 3 A 1 6
 0 8 9 B 3 1 4 A 5 2 7 6
 0 8 9 B 3 A 4 7 5 2 1 6
 0 8 9 B 4 1 7 A 5 3 2 6
 0 8 9 B 4 3 1 7 A 5 2 6
 0 8 9 B 4 3 A 1 7 5 2 6
 0 8 9 B 4 7 1 A 5 3 2 6
 0 8 9 B 4 A 7 2 1 5 3 6
 0 8 A 1 2 7 5 4 B 3 9 6
 0 8 A 1 7 B 4 5 3 2 9 6
 0 8 A 1 B 3 9 4 5 2 7 6
 0 8 A 1 B 4 5 2 9 3 7 6
 0 8 A 3 1 2 B 5 9 4 7 6
 0 8 A 3 2 B 9 4 7 1 5 6
 0 8 A 3 4 1 5 B 2 9 7 6
 0 8 A 3 4 7 2 1 5 B 9 6
 0 8 A 3 4 7 2 1 B 5 9 6
 0 8 A 3 4 B 2 1 7 5 9 6
 0 8 A 3 7 1 2 5 4 B 9 6
 0 8 A 3 7 2 1 4 5 B 9 6
 0 8 A 3 9 7 4 B 2 1 5 6
 0 8 A 5 2 3 9 1 B 4 7 6
 0 8 A 5 3 9 1 2 B 4 7 6
 0 8 A 5 4 1 2 7 B 9 3 6
 0 8 A 5 4 1 7 B 9 2 3 6
 0 8 A 5 4 9 7 1 2 B 3 6
 0 8 A 5 9 3 1 2 B 4 7 6
 0 8 A 5 9 3 4 1 B 2 7 6
 0 8 A 5 9 7 1 2 B 4 3 6
 0 8 A 5 B 9 1 2 7 4 3 6
 0 8 A 7 1 5 4 B 9 2 3 6
 0 8 A 7 2 1 B 4 5 9 3 6
 0 8 A 7 5 4 B 2 3 9 1 6
 0 8 A 7 5 9 3 4 B 2 1 6
 0 8 A 9 1 2 7 4 B 5 3 6
 0 8 A 9 1 7 2 B 4 5 3 6
 0 8 A 9 2 5 3 4 1 7 B 6
 0 8 A 9 3 1 4 5 2 7 B 6
 0 8 A 9 4 1 2 7 5 B 3 6
 0 8 A 9 4 1 2 7 B 5 3 6
 0 8 A 9 4 5 2 7 1 B 3 6
 0 8 A 9 4 7 B 5 2 3 1 6
 0 8 A 9 7 2 5 B 3 4 1 6
 0 8 A B 2 9 3 7 5 4 1 6
 0 8 A B 3 1 7 2 5 4 9 6
 0 8 A B 3 9 4 7 5 2 1 6
 0 8 A B 3 9 7 2 5 4 1 6
 0 8 A B 4 3 1 7 2 5 9 6
 0 8 A B 4 7 1 5 3 2 9 6
 0 8 A B 4 7 2 1 5 3 9 6
 0 8 A B 5 3 7 2 1 4 9 6
 0 8 A B 9 3 7 2 5 4 1 6
 0 8 B 1 5 2 3 A 4 9 7 6
 0 8 B 1 7 4 5 3 A 9 2 6
 0 8 B 1 7 4 9 A 5 3 2 6
 0 8 B 1 A 5 9 3 4 2 7 6
 0 8 B 3 1 7 2 4 5 A 9 6
 0 8 B 3 2 4 9 7 1 A 5 6
 0 8 B 3 5 4 2 9 A 7 1 6
 0 8 B 3 5 A 4 1 2 9 7 6
 0 8 B 3 9 A 5 7 4 2 1 6
 0 8 B 3 A 9 2 4 1 7 5 6
 0 8 B 4 1 7 9 A 5 3 2 6
 0 8 B 4 2 3 9 1 A 5 7 6
 0 8 B 4 3 1 7 9 A 5 2 6
 0 8 B 4 5 3 A 2 1 7 9 6
 0 8 B 5 3 A 9 1 2 7 4 6
 0 8 B 5 4 2 3 A 7 9 1 6
 0 8 B 5 7 4 2 3 A 9 1 6
 0 8 B 5 9 7 2 1 A 3 4 6
 0 8 B 5 9 A 7 2 4 3 1 6
 0 8 B 5 A 7 9 4 3 1 2 6
 0 8 B 9 1 3 2 7 4 A 5 6
 0 8 B 9 1 3 4 A 5 2 7 6
 0 8 B 9 1 3 A 4 5 2 7 6
 0 8 B 9 2 1 3 7 4 A 5 6
 0 8 B 9 2 3 7 1 A 5 4 6
 0 8 B 9 2 3 A 4 1 5 7 6
 0 8 B 9 2 3 A 7 1 5 4 6
 0 8 B 9 2 4 3 7 1 A 5 6
 0 8 B 9 2 4 3 A 7 1 5 6
 0 8 B 9 4 3 5 A 7 1 2 6
 0 8 B 9 4 5 7 1 A 3 2 6
 0 8 B 9 4 5 A 7 1 3 2 6
 0 8 B 9 A 3 5 4 1 7 2 6
 0 8 B 9 A 5 2 4 3 7 1 6
 0 8 B A 3 1 7 2 4 5 9 6
 0 8 B A 3 1 7 9 4 5 2 6
 0 8 B A 3 9 7 2 4 1 5 6
 0 8 B A 5 3 4 1 7 9 2 6
 0 8 B A 5 3 7 1 2 4 9 6
 0 8 B A 5 3 9 1 2 7 4 6
 0 8 B A 5 7 4 2 3 9 1 6
 0 8 B A 5 7 4 9 3 1 2 6
 0 8 B A 5 9 2 3 1 7 4 6
 0 8 B A 5 9 3 1 2 7 4 6
 0 8 B A 7 2 4 5 3 9 1 6
 0 8 B A 7 2 4 5 9 3 1 6
 0 8 B A 7 2 4 9 3 1 5 6
 0 9 1 2 4 A 5 3 8 B 7 6
 0 9 1 2 4 B 5 3 8 7 A 6
 0 9 1 2 4 B 5 A 8 7 3 6
 0 9 1 2 5 3 8 A 4 B 7 6
 0 9 1 2 7 3 5 4 A 8 B 6
 0 9 1 2 7 3 A 8 B 5 4 6
 0 9 1 2 7 5 8 3 B A 4 6
 0 9 1 2 7 5 8 A 4 3 B 6
 0 9 1 2 7 A 8 3 B 5 4 6
 0 9 1 2 7 A 8 4 3 5 B 6
 0 9 1 2 8 7 A 5 3 B 4 6
 0 9 1 2 8 A 5 3 B 4 7 6
 0 9 1 2 A 8 3 5 B 4 7 6
 0 9 1 3 2 5 A 4 B 7 8 6
 0 9 1 3 2 7 5 8 4 A B 6
 0 9 1 3 2 7 A 8 4 5 B 6
 0 9 1 3 2 7 A 8 4 B 5 6
 0 9 1 3 2 8 4 7 5 A B 6
 0 9 1 3 2 A 5 B 4 7 8 6
 0 9 1 3 4 B 2 8 7 5 A 6
 0 9 1 3 A 8 4 5 B 2 7 6
 0 9 1 3 A B 5 8 4 2 7 6
 0 9 1 3 B 4 2 8 7 A 5 6
 0 9 1 3 B 4 A 8 7 2 5 6
 0 9 1 4 2 3 8 A 5 B 7 6
 0 9 1 4 2 7 8 3 5 B A 6
 0 9 1 4 2 8 3 5 A B 7 6
 0 9 1 4 2 8 7 3 5 A B 6
 0 9 1 4 3 5 A B 7 2 8 6
 0 9 1 4 B 5 3 2 7 8 A 6
 0 9 1 4 B A 8 2 7 3 5 6
 0 9 1 7 2 4 5 3 8 B A 6
 0 9 1 7 2 A 8 B 4 3 5 6
 0 9 1 7 2 A B 4 3 5 8 6
 0 9 1 7 3 2 4 5 A 8 B 6
 0 9 1 7 5 4 B 2 3 8 A 6
 0 9 1 7 5 8 3 2 A B 4 6
 0 9 1 8 7 5 B 2 A 3 4 6
 0 9 1 8 A 3 4 2 5 B 7 6
 0 9 1 8 A 4 3 B 2 7 5 6
 0 9 1 8 A 4 5 3 B 2 7 6
 0 9 1 8 A B 5 4 2 7 3 6
 0 9 1 8 B A 4 2 7 3 5 6
 0 9 1 B 2 3 8 4 A 5 7 6
 0 9 1 B 2 7 8 3 5 4 A 6
 0 9 1 B 4 7 3 2 8 A 5 6
 0 9 1 B 5 4 7 2 3 8 A 6
 0 9 1 B 5 8 7 2 A 3 4 6
 0 9 1 B 7 8 3 2 5 A 4 6
 0 9 1 B A 5 8 2 7 3 4 6
 0 9 2 1 3 7 5 8 4 A B 6
 0 9 2 1 3 7 A 8 4 5 B 6
 0 9 2 1 3 7 A 8 4 B 5 6
 0 9 2 1 3 A 4 8 B 7 5 6
 0 9 2 1 3 A 8 4 7 B 5 6
 0 9 2 1 4 B 5 3 7 8 A 6
 0 9 2 1 5 7 3 4 A 8 B 6
 0 9 2 1 5 B 7 A 8 3 4 6
 0 9 2 1 7 A 8 4 B 3 5 6
 0 9 2 1 B 7 A 4 8 3 5 6
 0 9 2 3 1 4 8 A 5 B 7 6
 0 9 2 3 1 5 8 A 4 B 7 6
 0 9 2 3 1 7 B A 5 8 4 6
 0 9 2 3 5 1 4 A 8 7 B 6
 0 9 2 3 7 1 B A 5 8 4 6
 0 9 2 3 7 5 1 8 B A 4 6
 0 9 2 3 7 5 B A 1 8 4 6
 0 9 2 3 A 8 7 B 5 1 4 6
 0 9 2 3 A 8 B 7 1 5 4 6
 0 9 2 3 B 1 7 A 5 4 8 6
 0 9 2 3 B A 5 7 1 4 8 6
 0 9 2 4 3 7 A B 5 1 8 6
 0 9 2 4 3 A 1 5 B 7 8 6
 0 9 2 4 3 A 8 B 7 1 5 6
 0 9 2 4 3 A B 7 1 5 8 6
 0 9 2 4 5 1 7 B A 8 3 6
 0 9 2 4 5 3 7 1 8 B A 6
 0 9 2 4 5 8 3 1 7 B A 6
 0 9 2 4 5 8 3 7 1 B A 6
 0 9 2 4 5 8 7 1 B 3 A 6
 0 9 2 4 5 B 3 1 8 7 A 6
 0 9 2 4 7 8 3 1 5 B A 6
 0 9 2 4 8 3 B A 1 7 5 6
 0 9 2 4 8 7 3 A 1 B 5 6
 0 9 2 5 1 3 4 A 8 7 B 6
 0 9 2 5 1 7 B A 8 3 4 6
 0 9 2 5 4 B 3 1 7 8 A 6
 0 9 2 8 3 1 4 5 7 B A 6
 0 9 2 8 4 3 1 5 7 A B 6
 0 9 2 8 4 B A 1 3 7 5 6
 0 9 2 8 7 A 5 1 B 3 4 6
 0 9 2 8 7 B 1 4 5 3 A 6
 0 9 2 8 A 1 5 3 4 B 7 6
 0 9 2 8 A 5 1 B 3 4 7 6
 0 9 2 A 1 3 4 8 7 5 B 6
 0 9 2 A 1 8 7 5 B 3 4 6
 0 9 2 A 1 8 7 B 5 3 4 6
 0 9 2 A 4 3 1 5 7 8 B 6
 0 9 2 A 5 3 4 8 B 1 7 6
 0 9 2 A 5 8 7 1 B 3 4 6
 0 9 2 A 5 B 1 4 3 7 8 6
 0 9 2 A 8 7 1 4 B 3 5 6
 0 9 2 A B 1 7 5 4 8 3 6
 0 9 2 A B 3 5 4 7 1 8 6
 0 9 3 1 2 7 B A 5 8 4 6
 0 9 3 1 2 A 5 8 7 B 4 6
 0 9 3 1 5 4 B 2 7 8 A 6
 0 9 3 1 5 8 7 2 A B 4 6
 0 9 3 1 8 7 B 2 4 5 A 6
 0 9 3 2 4 8 1 B 7 A 5 6
 0 9 3 2 4 B 7 A 8 1 5 6
 0 9 3 2 7 5 1 4 8 A B 6
 0 9 3 2 7 A 8 4 B 1 5 6
 0 9 3 2 A 8 1 4 5 7 B 6
 0 9 3 4 2 A 5 8 7 B 1 6
 0 9 3 4 8 1 B 2 A 5 7 6
 0 9 3 4 8 A 5 1 B 2 7 6
 0 9 3 4 B 2 A 8 1 5 7 6
 0 9 3 4 B 7 5 8 A 2 1 6
 0 9 3 5 1 4 B A 2 7 8 6
 0 9 3 5 1 8 7 A B 4 2 6
 0 9 3 5 4 B 7 A 8 1 2 6
 0 9 3 5 A 2 1 4 B 7 8 6
 0 9 3 5 A B 7 2 1 4 8 6
 0 9 3 7 2 1 B 4 5 8 A 6
 0 9 3 7 2 4 5 8 1 B A 6
 0 9 3 7 5 8 1 2 4 B A 6
 0 9 3 7 5 A B 2 1 8 4 6
 0 9 3 7 8 1 B 2 A 5 4 6
 0 9 3 8 4 2 1 5 7 A B 6
 0 9 3 8 4 5 7 A 2 1 B 6
 0 9 3 8 7 A 2 4 5 1 B 6
 0 9 3 8 7 B 1 4 2 A 5 6
 0 9 3 8 A 2 1 4 B 7 5 6
 0 9 3 A 2 4 5 8 1 B 7 6
 0 9 3 A 8 4 5 7 B 2 1 6
 0 9 3 A 8 7 B 2 4 5 1 6
 0 9 3 A B 1 5 8 4 2 7 6
 0 9 3 A B 2 4 8 7 5 1 6
 0 9 3 B 1 2 7 A 5 4 8 6
 0 9 3 B 1 4 5 A 8 7 2 6
 0 9 3 B 4 5 7 A 2 1 8 6
 0 9 3 B A 5 7 8 1 4 2 6
 0 9 3 B A 8 1 4 5 7 2 6
 0 9 4 2 1 3 7 8 B 5 A 6
 0 9 4 2 1 5 B 7 8 A 3 6
 0 9 4 2 1 7 8 B 3 5 A 6
 0 9 4 2 3 5 8 1 7 B A 6
 0 9 4 2 3 8 A 1 5 B 7 6
 0 9 4 2 8 7 A 3 B 1 5 6
 0 9 4 2 8 7 A B 3 5 1 6
 0 9 4 2 A 1 3 8 7 B 5 6
 0 9 4 2 A B 3 5 8 1 7 6
 0 9 4 2 A B 3 5 8 7 1 6
 0 9 4 2 A B 5 8 1 3 7 6
 0 9 4 3 1 2 7 B 5 8 A 6
 0 9 4 3 1 5 B 2 7 8 A 6
 0 9 4 3 5 A 1 B 7 8 2 6
 0 9 4 3 5 A 8 B 7 1 2 6
 0 9 4 3 5 B 7 A 8 1 2 6
 0 9 4 3 7 5 8 2 A B 1 6
 0 9 4 3 B 5 7 A 8 1 2 6
 0 9 4 5 1 B 2 8 A 3 7 6
 0 9 4 5 A 8 7 1 3 B 2 6
 0 9 4 5 A 8 B 1 7 3 2 6
 0 9 4 5 A 8 B 7 1 3 2 6
 0 9 4 5 B 2 A 8 1 3 7 6
 0 9 4 5 B 7 A 2 1 3 8 6
 0 9 4 5 B 7 A 8 1 3 2 6
 0 9 4 7 3 5 B A 8 1 2 6
 0 9 4 7 3 8 A 2 1 B 5 6
 0 9 4 7 8 2 1 B 3 5 A 6
 0 9 4 7 B A 3 5 1 2 8 6
 0 9 4 7 B A 8 2 3 5 1 6
 0 9 4 8 2 1 B 7 A 3 5 6
 0 9 4 8 2 3 5 A 1 B 7 6
 0 9 4 8 7 1 B 2 3 5 A 6
 0 9 4 8 7 1 B 2 A 3 5 6
 0 9 4 8 7 5 B 1 2 A 3 6
 0 9 4 8 A 3 1 2 5 B 7 6
 0 9 4 8 A 3 B 2 1 7 5 6
 0 9 4 A 2 1 3 8 B 7 5 6
 0 9 4 A 2 3 5 8 1 B 7 6
 0 9 4 A 3 B 2 1 5 7 8 6
 0 9 4 A 8 7 B 2 3 5 1 6
 0 9 4 A 8 B 3 5 1 2 7 6
 0 9 4 A B 2 1 5 7 3 8 6
 0 9 4 A B 7 5 8 1 3 2 6
 0 9 5 3 2 4 8 1 7 A B 6
 0 9 5 3 2 7 1 4 8 A B 6
 0 9 5 3 7 8 2 4 B A 1 6
 0 9 5 3 7 8 A 4 B 2 1 6
 0 9 5 3 8 7 A 4 B 1 2 6
 0 9 5 3 A 1 2 8 7 B 4 6
 0 9 5 3 A 2 1 7 8 B 4 6
 0 9 5 3 A 4 8 B 1 2 7 6
 0 9 5 3 A B 1 4 8 2 7 6
 0 9 5 3 A B 2 4 8 1 7 6
 0 9 5 3 A B 2 4 8 7 1 6
 0 9 5 4 2 3 8 A 1 7 B 6
 0 9 5 4 2 7 1 8 A B 3 6
 0 9 5 4 2 8 1 3 7 A B 6
 0 9 5 4 2 8 3 7 A B 1 6
 0 9 5 4 7 2 8 A B 3 1 6
 0 9 5 4 B 1 7 A 2 3 8 6
 0 9 5 7 1 4 B A 2 3 8 6
 0 9 5 7 1 8 B A 3 4 2 6
 0 9 5 7 2 1 4 A B 3 8 6
 0 9 5 7 8 B 3 A 4 2 1 6
 0 9 5 7 A 3 4 8 2 1 B 6
 0 9 5 7 A B 4 3 1 8 2 6
 0 9 5 7 B 4 3 A 1 2 8 6
 0 9 5 8 3 1 2 7 B A 4 6
 0 9 5 8 7 1 3 A B 4 2 6
 0 9 5 8 7 2 4 A B 3 1 6
 0 9 5 8 A 3 4 2 1 7 B 6
 0 9 5 8 A 4 3 1 2 7 B 6
 0 9 5 8 A 4 B 3 1 2 7 6
 0 9 5 8 A B 4 3 1 7 2 6
 0 9 5 A 1 3 4 2 8 7 B 6
 0 9 5 A 2 4 3 1 7 8 B 6
 0 9 5 A 4 2 1 3 7 8 B 6
 0 9 5 A 4 B 2 1 3 7 8 6
 0 9 5 A 8 2 1 3 4 7 B 6
 0 9 5 A 8 7 1 2 4 B 3 6
 0 9 5 A 8 7 1 3 4 B 2 6
 0 9 5 A B 1 4 2 8 3 7 6
 0 9 5 A B 1 4 3 7 2 8 6
 0 9 5 A B 2 4 3 7 1 8 6
 0 9 5 A B 2 4 8 3 1 7 6
 0 9 5 A B 3 1 8 2 4 7 6
 0 9 5 A B 3 2 4 7 1 8 6
 0 9 5 B 1 4 3 A 2 7 8 6
 0 9 5 B 1 8 7 A 3 4 2 6
 0 9 5 B 3 A 8 1 2 4 7 6
 0 9 5 B A 2 4 7 8 3 1 6
 0 9 5 B A 2 7 8 3 1 4 6
 0 9 5 B A 8 1 3 4 7 2 6
 0 9 7 1 2 5 4 8 A 3 B 6
 0 9 7 1 2 5 4 B 3 8 A 6
 0 9 7 1 2 A 3 5 4 8 B 6
 0 9 7 1 3 8 4 B A 2 5 6
 0 9 7 1 5 4 B 2 3 8 A 6
 0 9 7 1 5 8 3 2 A B 4 6
 0 9 7 1 8 4 3 5 A B 2 6
 0 9 7 1 8 B 3 2 4 5 A 6
 0 9 7 2 1 3 4 8 B 5 A 6
 0 9 7 2 1 4 5 B 3 8 A 6
 0 9 7 2 1 4 8 A 3 B 5 6
 0 9 7 2 3 8 B 1 5 4 A 6
 0 9 7 2 3 B 5 4 8 A 1 6
 0 9 7 2 A 4 3 8 B 1 5 6
 0 9 7 2 A B 5 4 8 1 3 6
 0 9 7 3 4 8 A 5 B 2 1 6
 0 9 7 3 4 B 5 8 A 2 1 6
 0 9 7 3 8 2 4 B A 1 5 6
 0 9 7 3 8 A 2 1 4 5 B 6
 0 9 7 3 8 A 2 1 4 B 5 6
 0 9 7 3 8 A 4 B 2 1 5 6
 0 9 7 3 A B 2 8 1 5 4 6
 0 9 7 8 1 5 B 2 4 3 A 6
 0 9 7 8 2 1 4 B 3 5 A 6
 0 9 7 8 3 2 A 1 5 B 4 6
 0 9 7 8 3 B 2 1 5 A 4 6
 0 9 7 8 3 B 5 A 2 1 4 6
 0 9 7 8 4 3 A 2 5 B 1 6
 0 9 7 8 4 B 5 A 1 3 2 6
 0 9 7 8 4 B 5 A 2 1 3 6
 0 9 7 8 A 4 B 3 2 5 1 6
 0 9 7 8 B 3 2 4 A 5 1 6
 0 9 7 8 B 4 A 5 1 3 2 6
 0 9 7 A 2 1 3 8 4 5 B 6
 0 9 7 A 2 1 3 8 4 B 5 6
 0 9 7 A 3 2 8 4 B 1 5 6
 0 9 7 A 5 4 8 2 3 B 1 6
 0 9 7 A B 4 3 5 1 8 2 6
 0 9 7 B 1 4 3 8 2 A 5 6
 0 9 7 B 1 8 4 A 3 2 5 6
 0 9 7 B 2 1 3 8 4 A 5 6
 0 9 7 B 2 1 8 4 A 3 5 6
 0 9 7 B 4 5 8 2 1 3 A 6
 0 9 7 B 5 8 1 2 4 3 A 6
 0 9 8 1 2 4 7 5 B 3 A 6
 0 9 8 1 2 4 7 B 5 3 A 6
 0 9 8 1 2 4 B 5 3 7 A 6
 0 9 8 1 5 7 A 4 2 3 B 6
 0 9 8 1 7 A 2 4 5 3 B 6
 0 9 8 1 7 B 2 4 5 3 A 6
 0 9 8 1 7 B 2 A 5 3 4 6
 0 9 8 2 3 7 A 5 1 B 4 6
 0 9 8 2 4 7 3 1 5 A B 6
 0 9 8 2 4 B 7 A 3 1 5 6
 0 9 8 2 7 A 5 1 B 3 4 6
 0 9 8 2 7 B 1 4 5 3 A 6
 0 9 8 2 A 3 1 4 5 7 B 6
 0 9 8 2 A 5 3 4 7 B 1 6
 0 9 8 3 1 2 4 7 B 5 A 6
 0 9 8 3 1 2 5 7 B 4 A 6
 0 9 8 3 1 7 B 2 4 5 A 6
 0 9 8 3 5 1 7 A B 4 2 6
 0 9 8 3 5 A B 7 1 4 2 6
 0 9 8 3 7 1 B 2 4 5 A 6
 0 9 8 3 B 1 4 A 2 7 5 6
 0 9 8 4 2 3 5 A 1 7 B 6
 0 9 8 4 2 3 7 A 5 B 1 6
 0 9 8 4 A 3 1 2 5 7 B 6
 0 9 8 4 A 5 7 B 2 3 1 6
 0 9 8 4 B 1 7 5 A 2 3 6
 0 9 8 4 B 5 7 A 2 3 1 6
 0 9 8 4 B 5 7 A 3 1 2 6
 0 9 8 A 2 5 3 4 B 7 1 6
 0 9 8 A 2 7 1 4 5 3 B 6
 0 9 8 A 2 7 3 1 4 5 B 6
 0 9 8 A 2 7 3 1 4 B 5 6
 0 9 8 A 3 1 4 5 B 7 2 6
 0 9 8 A 3 4 2 5 1 7 B 6
 0 9 8 A 4 B 2 3 7 5 1 6
 0 9 8 A 4 B 2 7 3 1 5 6
 0 9 8 A 5 1 7 B 4 2 3 6
 0 9 8 A 5 3 B 4 7 1 2 6
 0 9 8 A 5 B 4 7 3 1 2 6
 0 9 8 B 3 1 7 2 4 5 A 6
 0 9 8 B 3 4 2 A 5 7 1 6
 0 9 8 B 4 A 5 7 3 1 2 6
 0 9 8 B 7 2 3 1 5 A 4 6
 0 9 8 B 7 2 4 A 3 1 5 6
 0 9 A 1 5 3 8 2 4 B 7 6
 0 9 A 1 5 B 7 2 4 3 8 6
 0 9 A 1 8 7 3 5 B 4 2 6
 0 9 A 2 1 3 8 4 7 5 B 6
 0 9 A 2 1 4 B 5 7 3 8 6
 0 9 A 2 1 7 5 8 3 B 4 6
 0 9 A 2 4 B 5 8 7 3 1 6
 0 9 A 2 5 3 8 4 B 1 7 6
 0 9 A 2 5 4 B 1 7 3 8 6
 0 9 A 2 5 4 B 7 1 3 8 6
 0 9 A 2 7 3 1 8 B 5 4 6
 0 9 A 2 7 5 B 1 8 4 3 6
 0 9 A 2 8 3 5 1 B 4 7 6
 0 9 A 3 1 5 8 2 4 B 7 6
 0 9 A 3 2 4 7 B 5 1 8 6
 0 9 A 3 2 4 B 7 1 5 8 6
 0 9 A 3 5 1 4 2 8 7 B 6
 0 9 A 3 5 8 4 2 1 7 B 6
 0 9 A 3 5 B 7 2 1 4 8 6
 0 9 A 3 7 2 1 B 5 8 4 6
 0 9 A 3 7 5 B 2 1 8 4 6
 0 9 A 3 B 1 5 4 7 2 8 6
 0 9 A 3 B 1 7 2 5 4 8 6
 0 9 A 3 B 5 7 2 1 4 8 6
 0 9 A 4 2 1 5 7 3 8 B 6
 0 9 A 4 2 5 1 3 8 7 B 6
 0 9 A 4 3 5 8 1 B 7 2 6
 0 9 A 4 8 3 5 1 B 2 7 6
 0 9 A 4 8 7 2 5 3 B 1 6
 0 9 A 4 B 2 1 5 7 3 8 6
 0 9 A 4 B 7 5 8 1 3 2 6
 0 9 A 5 1 7 B 2 4 3 8 6
 0 9 A 5 1 B 3 8 2 4 7 6
 0 9 A 5 3 2 4 8 B 7 1 6
 0 9 A 5 3 2 8 4 7 B 1 6
 0 9 A 5 3 B 1 4 8 2 7 6
 0 9 A 5 3 B 2 4 8 1 7 6
 0 9 A 5 3 B 2 4 8 7 1 6
 0 9 A 5 7 B 2 8 4 3 1 6
 0 9 A 5 8 7 1 3 B 4 2 6
 0 9 A 5 B 2 4 8 7 3 1 6
 0 9 A 8 1 3 B 5 4 7 2 6
 0 9 A 8 1 4 3 5 B 7 2 6
 0 9 A 8 1 4 3 B 5 7 2 6
 0 9 A 8 1 4 B 5 7 3 2 6
 0 9 A 8 1 5 B 7 2 4 3 6
 0 9 A 8 1 7 3 5 4 B 2 6
 0 9 A 8 3 2 4 7 B 5 1 6
 0 9 A 8 3 2 5 1 7 B 4 6
 0 9 A 8 3 2 7 B 5 1 4 6
 0 9 A 8 3 B 2 7 1 5 4 6
 0 9 A 8 4 3 7 2 5 B 1 6
 0 9 A 8 4 B 3 2 5 7 1 6
 0 9 A 8 B 4 3 5 1 7 2 6
 0 9 B 2 1 8 4 A 3 7 5 6
 0 9 B 2 3 A 4 8 7 5 1 6
 0 9 B 2 7 8 3 1 5 4 A 6
 0 9 B 2 A 5 3 4 8 1 7 6
 0 9 B 2 A 5 3 4 8 7 1 6
 0 9 B 3 2 7 A 4 5 1 8 6
 0 9 B 3 4 2 8 7 A 5 1 6
 0 9 B 3 4 2 A 5 8 1 7 6
 0 9 B 3 4 2 A 5 8 7 1 6
 0 9 B 3 4 A 8 7 2 5 1 6
 0 9 B 3 8 4 2 1 7 A 5 6
 0 9 B 3 8 7 1 4 2 A 5 6
 0 9 B 4 2 8 7 3 A 1 5 6
 0 9 B 4 3 7 1 2 A 5 8 6
 0 9 B 4 3 7 A 5 1 2 8 6
 0 9 B 4 3 A 2 5 1 7 8 6
 0 9 B 4 5 1 7 A 8 3 2 6
 0 9 B 4 7 3 A 8 2 1 5 6
 0 9 B 4 7 8 2 1 5 3 A 6
 0 9 B 4 8 3 2 A 1 7 5 6
 0 9 B 4 8 7 1 2 5 3 A 6
 0 9 B 4 8 7 1 2 A 5 3 6
 0 9 B 4 A 5 8 7 3 1 2 6
 0 9 B 5 1 4 3 A 2 7 8 6
 0 9 B 5 1 8 7 A 3 4 2 6
 0 9 B 5 3 4 8 7 2 A 1 6
 0 9 B 5 4 7 3 A 8 1 2 6
 0 9 B 5 4 8 3 1 2 7 A 6
 0 9 B 5 A 1 8 4 2 3 7 6
 0 9 B 5 A 1 8 7 3 4 2 6
 0 9 B 5 A 2 3 1 8 4 7 6
 0 9 B 7 1 4 5 A 8 3 2 6
 0 9 B 7 5 4 8 2 3 A 1 6
 0 9 B 7 5 8 3 4 A 2 1 6
 0 9 B 7 8 1 4 A 5 3 2 6
 0 9 B 7 A 5 3 4 8 2 1 6
 0 9 B 7 A 5 4 8 2 3 1 6
 0 9 B A 2 7 1 8 4 5 3 6
 0 9 B A 2 8 3 4 7 5 1 6
 0 9 B A 3 4 7 5 1 8 2 6
 0 9 B A 3 7 1 8 4 2 5 6
 0 9 B A 5 3 8 4 7 1 2 6
 0 9 B A 5 8 1 7 3 4 2 6
 0 9 B A 5 8 4 2 3 7 1 6
 0 A 1 2 4 9 5 B 8 3 7 6
 0 A 1 2 7 B 8 3 9 5 4 6
 0 A 1 2 9 3 B 4 8 5 7 6
 0 A 1 2 9 5 B 3 8 7 4 6
 0 A 1 2 B 4 8 3 9 5 7 6
 0 A 1 3 2 7 4 8 9 5 B 6
 0 A 1 3 2 7 8 4 B 5 9 6
 0 A 1 3 4 9 5 2 8 7 B 6
 0 A 1 3 4 9 5 B 8 7 2 6
 0 A 1 3 4 9 8 5 B 7 2 6
 0 A 1 3 9 8 4 5 2 7 B 6
 0 A 1 5 2 7 8 4 3 9 B 6
 0 A 1 5 2 8 3 4 9 B 7 6
 0 A 1 5 2 8 7 3 4 9 B 6
 0 A 1 5 7 3 4 9 8 2 B 6
 0 A 1 5 7 4 9 8 2 3 B 6
 0 A 1 5 7 8 4 3 9 2 B 6
 0 A 1 5 7 8 4 9 3 2 B 6
 0 A 1 5 B 7 2 4 3 8 9 6
 0 A 1 5 B 7 8 3 2 4 9 6
 0 A 1 7 2 B 3 8 9 5 4 6
 0 A 1 7 3 2 9 B 4 8 5 6
 0 A 1 7 3 5 4 8 9 2 B 6
 0 A 1 7 3 5 4 B 8 9 2 6
 0 A 1 7 8 4 3 5 9 2 B 6
 0 A 1 7 8 5 9 2 4 3 B 6
 0 A 1 7 9 8 3 B 4 5 2 6
 0 A 1 7 B 8 3 2 4 9 5 6
 0 A 1 8 2 B 3 4 9 5 7 6
 0 A 1 8 2 B 4 3 7 9 5 6
 0 A 1 8 4 3 7 9 2 B 5 6
 0 A 1 8 4 5 B 3 2 7 9 6
 0 A 1 8 4 9 B 5 2 3 7 6
 0 A 1 8 7 3 4 9 B 5 2 6
 0 A 1 8 7 3 9 B 4 5 2 6
 0 A 1 8 7 9 3 B 4 5 2 6
 0 A 1 8 9 5 B 3 2 7 4 6
 0 A 1 9 2 4 3 7 8 5 B 6
 0 A 1 9 2 4 5 B 8 3 7 6
 0 A 1 9 2 8 7 4 B 3 5 6
 0 A 1 9 8 2 7 4 B 3 5 6
 0 A 1 9 B 4 3 7 2 8 5 6
 0 A 1 9 B 4 5 2 8 3 7 6
 0 A 2 1 4 B 5 7 3 8 9 6
 0 A 2 1 4 B 7 9 3 8 5 6
 0 A 2 1 8 B 4 5 7 3 9 6
 0 A 2 1 8 B 5 7 3 4 9 6
 0 A 2 1 8 B 7 4 9 3 5 6
 0 A 2 3 5 1 7 4 9 8 B 6
 0 A 2 3 5 B 8 1 9 4 7 6
 0 A 2 3 8 5 4 7 1 9 B 6
 0 A 2 3 8 5 B 1 9 4 7 6
 0 A 2 3 9 5 8 7 4 B 1 6
 0 A 2 3 B 5 8 7 9 4 1 6
 0 A 2 5 1 7 4 3 8 9 B 6
 0 A 2 5 4 1 7 3 8 9 B 6
 0 A 2 5 4 B 1 7 3 8 9 6
 0 A 2 5 4 B 7 1 3 8 9 6
 0 A 2 5 4 B 7 8 1 3 9 6
 0 A 2 5 B 1 8 7 3 4 9 6
 0 A 2 5 B 7 9 8 3 4 1 6
 0 A 2 7 4 5 1 3 9 8 B 6
 0 A 2 7 4 5 B 1 9 8 3 6
 0 A 2 7 8 5 1 4 3 9 B 6
 0 A 2 7 8 5 4 B 1 9 3 6
 0 A 2 7 8 5 B 1 9 4 3 6
 0 A 2 9 3 B 8 1 4 5 7 6
 0 A 2 9 5 B 8 1 3 4 7 6
 0 A 2 9 8 B 4 1 7 3 5 6
 0 A 2 9 8 B 5 7 3 4 1 6
 0 A 2 9 B 5 8 7 3 4 1 6
 0 A 2 9 B 7 1 4 3 8 5 6
 0 A 2 B 4 5 1 7 9 8 3 6
 0 A 2 B 4 5 1 8 7 9 3 6
 0 A 2 B 4 5 7 1 9 8 3 6
 0 A 2 B 4 7 1 9 8 3 5 6
 0 A 2 B 5 1 3 8 9 4 7 6
 0 A 2 B 5 7 8 1 9 4 3 6
 0 A 2 B 7 1 4 9 8 3 5 6
 0 A 3 2 4 7 B 5 1 8 9 6
 0 A 3 2 4 B 7 1 5 8 9 6
 0 A 3 2 5 1 7 4 8 9 B 6
 0 A 3 2 5 1 7 B 8 9 4 6
 0 A 3 2 8 B 7 9 4 1 5 6
 0 A 3 2 9 B 7 1 4 8 5 6
 0 A 3 2 9 B 8 4 7 1 5 6
 0 A 3 2 B 7 1 5 8 9 4 6
 0 A 3 4 1 5 8 2 9 B 7 6
 0 A 3 4 1 8 2 5 9 B 7 6
 0 A 3 4 1 8 7 9 5 B 2 6
 0 A 3 4 1 9 8 2 5 7 B 6
 0 A 3 4 1 9 8 B 5 7 2 6
 0 A 3 4 1 9 B 5 8 7 2 6
 0 A 3 4 8 7 2 5 B 1 9 6
 0 A 3 4 8 B 5 7 2 1 9 6
 0 A 3 5 2 8 9 1 4 B 7 6
 0 A 3 5 4 8 B 7 1 2 9 6
 0 A 3 5 9 4 1 2 8 B 7 6
 0 A 3 5 9 8 4 7 1 2 B 6
 0 A 3 5 B 7 2 1 4 8 9 6
 0 A 3 7 2 4 1 9 8 B 5 6
 0 A 3 7 4 5 8 2 1 9 B 6
 0 A 3 7 4 B 1 9 8 2 5 6
 0 A 3 7 8 2 5 4 1 9 B 6
 0 A 3 7 8 2 5 4 B 1 9 6
 0 A 3 7 8 5 B 2 1 9 4 6
 0 A 3 7 8 B 5 2 1 9 4 6
 0 A 3 7 9 5 4 1 2 8 B 6
 0 A 3 7 9 8 4 1 2 5 B 6
 0 A 3 9 5 8 7 4 B 1 2 6
 0 A 3 9 8 4 1 2 5 7 B 6
 0 A 3 9 8 4 7 2 B 1 5 6
 0 A 3 9 8 5 1 2 4 7 B 6
 0 A 3 9 8 B 7 2 4 1 5 6
 0 A 3 9 B 7 2 1 4 8 5 6
 0 A 3 9 B 8 4 7 2 1 5 6
 0 A 3 B 1 2 8 5 9 4 7 6
 0 A 3 B 1 5 2 8 9 4 7 6
 0 A 3 B 1 5 4 7 2 8 9 6
 0 A 3 B 1 5 4 7 8 2 9 6
 0 A 3 B 1 7 2 5 4 8 9 6
 0 A 3 B 2 1 7 8 5 9 4 6
 0 A 3 B 2 1 7 9 4 8 5 6
 0 A 3 B 2 8 7 9 4 1 5 6
 0 A 3 B 2 8 9 4 1 5 7 6
 0 A 3 B 2 9 1 7 8 5 4 6
 0 A 3 B 5 7 2 1 4 8 9 6
 0 A 3 B 5 8 7 9 4 1 2 6
 0 A 3 B 8 2 9 1 4 5 7 6
 0 A 3 B 8 7 1 2 5 9 4 6
 0 A 3 B 8 9 1 7 2 5 4 6
 0 A 4 1 2 7 3 5 9 8 B 6
 0 A 4 1 3 8 7 B 2 9 5 6
 0 A 4 1 5 8 7 9 2 3 B 6
 0 A 4 1 8 B 3 2 7 9 5 6
 0 A 4 1 9 2 3 5 8 7 B 6
 0 A 4 1 9 B 3 8 7 2 5 6
 0 A 4 3 7 9 5 8 1 2 B 6
 0 A 4 3 B 2 7 9 1 8 5 6
 0 A 4 5 1 3 8 7 B 2 9 6
 0 A 4 5 1 8 7 9 2 B 3 6
 0 A 4 5 1 8 B 3 2 7 9 6
 0 A 4 5 2 7 B 1 9 8 3 6
 0 A 4 5 2 9 1 3 8 B 7 6
 0 A 4 5 8 3 2 7 B 1 9 6
 0 A 4 5 8 3 2 B 7 9 1 6
 0 A 4 5 9 2 B 1 8 7 3 6
 0 A 4 7 2 1 9 B 3 8 5 6
 0 A 4 7 3 2 9 B 8 1 5 6
 0 A 4 7 3 5 9 8 1 2 B 6
 0 A 4 7 8 5 9 2 1 3 B 6
 0 A 4 7 9 8 1 5 2 3 B 6
 0 A 4 7 B 8 1 3 2 9 5 6
 0 A 4 9 1 3 B 8 7 2 5 6
 0 A 4 9 5 2 1 3 7 8 B 6
 0 A 4 B 2 1 5 7 3 8 9 6
 0 A 4 B 2 3 7 9 8 5 1 6
 0 A 4 B 3 2 5 7 8 1 9 6
 0 A 4 B 7 8 1 3 2 5 9 6
 0 A 4 B 7 8 5 9 2 1 3 6
 0 A 4 B 7 9 8 1 5 2 3 6
 0 A 4 B 8 9 2 1 5 7 3 6
 0 A 4 B 8 9 2 5 1 3 7 6
 0 A 5 1 2 8 7 4 9 B 3 6
 0 A 5 1 2 8 B 4 3 7 9 6
 0 A 5 1 2 B 4 8 7 9 3 6
 0 A 5 1 4 9 B 8 2 3 7 6
 0 A 5 1 7 4 3 8 9 B 2 6
 0 A 5 1 7 8 B 3 2 4 9 6
 0 A 5 1 7 B 2 4 3 8 9 6
 0 A 5 1 7 B 8 9 2 4 3 6
 0 A 5 2 1 7 8 4 9 B 3 6
 0 A 5 2 1 9 3 7 8 B 4 6
 0 A 5 2 3 7 1 9 8 B 4 6
 0 A 5 2 3 9 8 4 7 B 1 6
 0 A 5 2 7 1 9 8 B 3 4 6
 0 A 5 2 8 1 9 B 3 4 7 6
 0 A 5 2 8 9 1 3 B 4 7 6
 0 A 5 4 1 7 3 8 9 B 2 6
 0 A 5 4 7 1 3 B 8 9 2 6
 0 A 5 4 7 3 9 B 8 1 2 6
 0 A 5 4 7 9 3 B 8 1 2 6
 0 A 5 4 8 1 2 B 7 9 3 6
 0 A 5 4 8 9 2 B 1 7 3 6
 0 A 5 4 8 9 2 B 7 1 3 6
 0 A 5 4 8 B 1 2 7 3 9 6
 0 A 5 7 1 4 3 B 8 9 2 6
 0 A 5 7 3 9 8 B 4 1 2 6
 0 A 5 7 4 3 B 2 8 9 1 6
 0 A 5 7 4 8 9 3 B 2 1 6
 0 A 5 7 8 B 4 1 9 3 2 6
 0 A 5 7 B 2 3 9 8 4 1 6
 0 A 5 7 B 4 1 9 8 2 3 6
 0 A 5 8 7 1 9 2 B 3 4 6
 0 A 5 8 7 3 9 1 2 B 4 6
 0 A 5 8 7 3 9 B 4 1 2 6
 0 A 5 8 7 4 9 3 B 1 2 6
 0 A 5 8 7 9 3 B 4 1 2 6
 0 A 5 8 9 1 7 3 2 B 4 6
 0 A 5 8 9 B 4 1 7 3 2 6
 0 A 5 9 2 3 B 8 7 1 4 6
 0 A 5 9 2 B 1 7 8 4 3 6
 0 A 5 9 3 2 B 7 8 1 4 6
 0 A 5 9 3 B 8 1 2 4 7 6
 0 A 5 9 B 2 3 8 4 1 7 6
 0 A 5 9 B 2 8 7 3 4 1 6
 0 A 5 9 B 4 1 2 8 7 3 6
 0 A 5 B 2 1 3 7 8 4 9 6
 0 A 5 B 2 3 7 9 8 4 1 6
 0 A 5 B 2 4 3 7 8 1 9 6
 0 A 5 B 3 2 4 7 8 1 9 6
 0 A 5 B 7 4 8 9 2 1 3 6
 0 A 7 1 2 5 9 8 3 B 4 6
 0 A 7 1 3 8 9 5 4 B 2 6
 0 A 7 1 5 8 9 2 4 3 B 6
 0 A 7 1 8 4 9 B 3 2 5 6
 0 A 7 1 8 B 3 2 4 9 5 6
 0 A 7 1 9 2 3 5 4 8 B 6
 0 A 7 1 9 B 4 5 8 3 2 6
 0 A 7 1 9 B 4 8 3 2 5 6
 0 A 7 2 1 5 8 9 3 B 4 6
 0 A 7 2 3 9 5 4 8 B 1 6
 0 A 7 2 3 B 5 9 8 1 4 6
 0 A 7 2 4 3 B 5 8 9 1 6
 0 A 7 2 5 4 8 9 3 B 1 6
 0 A 7 3 2 4 9 1 8 B 5 6
 0 A 7 3 2 4 B 5 8 9 1 6
 0 A 7 3 2 8 1 4 5 9 B 6
 0 A 7 3 5 4 9 1 2 8 B 6
 0 A 7 3 5 4 B 2 8 9 1 6
 0 A 7 3 8 2 1 4 5 9 B 6
 0 A 7 8 1 3 9 5 4 B 2 6
 0 A 7 8 1 9 3 5 4 B 2 6
 0 A 7 8 1 9 4 3 5 B 2 6
 0 A 7 8 2 5 4 9 1 3 B 6
 0 A 7 8 2 5 9 4 3 B 1 6
 0 A 7 8 3 B 5 9 2 1 4 6
 0 A 7 8 4 3 5 B 2 9 1 6
 0 A 7 8 4 9 1 3 2 5 B 6
 0 A 7 8 4 B 5 9 2 1 3 6
 0 A 7 9 2 1 4 8 3 B 5 6
 0 A 7 9 2 1 8 4 5 B 3 6
 0 A 7 9 3 8 4 B 2 1 5 6
 0 A 7 9 4 3 8 B 5 1 2 6
 0 A 7 9 4 3 B 2 8 1 5 6
 0 A 7 9 4 3 B 5 8 1 2 6
 0 A 7 B 1 4 3 8 2 9 5 6
 0 A 7 B 1 8 4 3 9 2 5 6
 0 A 7 B 1 8 4 9 3 2 5 6
 0 A 7 B 1 9 4 3 8 2 5 6
 0 A 7 B 2 1 8 4 9 3 5 6
 0 A 7 B 2 8 1 9 4 3 5 6
 0 A 7 B 2 8 9 4 3 5 1 6
 0 A 7 B 5 1 2 4 9 8 3 6
 0 A 7 B 5 1 8 9 2 4 3 6
 0 A 9 1 2 4 7 3 8 5 B 6
 0 A 9 1 3 8 4 7 2 B 5 6
 0 A 9 1 3 B 4 7 2 8 5 6
 0 A 9 1 4 5 7 3 8 2 B 6
 0 A 9 1 4 B 8 2 7 3 5 6
 0 A 9 1 8 2 B 4 5 7 3 6
 0 A 9 1 8 2 B 4 7 3 5 6
 0 A 9 1 8 5 B 2 7 3 4 6
 0 A 9 1 8 B 5 2 7 3 4 6
 0 A 9 2 3 5 1 7 4 8 B 6
 0 A 9 2 3 5 8 4 1 7 B 6
 0 A 9 2 4 1 5 B 7 8 3 6
 0 A 9 2 4 5 1 7 B 8 3 6
 0 A 9 2 5 1 7 B 8 3 4 6
 0 A 9 2 8 5 1 3 4 7 B 6
 0 A 9 2 B 7 1 4 8 3 5 6
 0 A 9 2 B 7 1 5 8 3 4 6
 0 A 9 3 5 1 2 7 4 8 B 6
 0 A 9 3 5 8 4 1 2 7 B 6
 0 A 9 3 8 4 1 2 5 7 B 6
 0 A 9 3 8 4 7 2 B 1 5 6
 0 A 9 3 8 5 1 2 4 7 B 6
 0 A 9 3 8 B 7 2 4 1 5 6
 0 A 9 3 B 8 1 4 5 7 2 6
 0 A 9 4 7 3 5 B 8 1 2 6
 0 A 9 4 7 3 8 2 B 1 5 6
 0 A 9 4 7 3 8 5 B 1 2 6
 0 A 9 4 7 8 1 3 B 5 2 6
 0 A 9 4 7 8 2 B 3 5 1 6
 0 A 9 4 7 B 8 2 3 5 1 6
 0 A 9 4 8 1 2 B 5 7 3 6
 0 A 9 4 8 5 B 1 2 7 3 6
 0 A 9 5 2 3 7 1 8 B 4 6
 0 A 9 5 2 7 1 3 4 8 B 6
 0 A 9 5 2 7 1 8 B 3 4 6
 0 A 9 5 2 8 1 3 4 7 B 6
 0 A 9 5 2 8 3 4 7 B 1 6
 0 A 9 5 7 1 2 B 4 8 3 6
 0 A 9 5 7 2 8 B 3 4 1 6
 0 A 9 5 7 B 2 8 3 4 1 6
 0 A 9 5 7 B 4 1 2 8 3 6
 0 A 9 5 7 B 4 1 8 2 3 6
 0 A 9 5 8 1 7 2 B 3 4 6
 0 A 9 5 8 2 3 7 4 B 1 6
 0 A 9 5 8 3 7 1 2 B 4 6
 0 A 9 5 B 1 2 7 4 8 3 6
 0 A 9 5 B 8 1 3 4 7 2 6
 0 A 9 B 2 8 3 7 4 5 1 6
 0 A 9 B 3 4 7 2 8 5 1 6
 0 A 9 B 3 8 4 1 7 2 5 6
 0 A 9 B 4 8 5 1 7 2 3 6
 0 A 9 B 5 1 2 7 4 8 3 6
 0 A B 1 4 8 3 9 5 2 7 6
 0 A B 1 4 9 5 2 8 3 7 6
 0 A B 1 5 2 9 3 8 4 7 6
 0 A B 1 5 4 7 3 8 2 9 6
 0 A B 1 7 4 9 5 8 3 2 6
 0 A B 1 8 5 4 7 3 9 2 6
 0 A B 1 9 3 8 5 4 7 2 6
 0 A B 2 1 7 3 8 5 9 4 6
 0 A B 2 7 1 8 4 3 5 9 6
 0 A B 2 7 3 9 1 8 5 4 6
 0 A B 2 8 3 7 9 5 4 1 6
 0 A B 2 8 7 3 5 9 4 1 6
 0 A B 2 9 1 7 3 8 5 4 6
 0 A B 2 9 3 8 4 1 5 7 6
 0 A B 3 2 5 7 1 8 4 9 6
 0 A B 3 2 9 5 8 1 7 4 6
 0 A B 3 5 2 8 1 9 4 7 6
 0 A B 3 5 2 9 8 4 7 1 6
 0 A B 3 5 4 7 2 8 1 9 6
 0 A B 3 9 2 5 1 8 7 4 6
 0 A B 3 9 5 8 7 2 4 1 6
 0 A B 4 1 3 9 5 8 7 2 6
 0 A B 4 1 7 9 5 8 3 2 6
 0 A B 4 1 9 3 5 8 7 2 6
 0 A B 4 7 1 9 8 3 5 2 6
 0 A B 4 8 3 2 5 1 7 9 6
 0 A B 4 8 3 2 5 7 1 9 6
 0 A B 4 8 5 7 2 1 9 3 6
 0 A B 4 8 7 2 5 1 3 9 6
 0 A B 5 1 4 8 3 2 7 9 6
 0 A B 5 2 4 9 1 8 7 3 6
 0 A B 5 2 7 9 1 8 4 3 6
 0 A B 5 2 9 1 3 8 4 7 6
 0 A B 5 9 2 4 1 8 7 3 6
 0 A B 7 1 4 9 8 3 5 2 6
 0 A B 7 1 5 2 4 9 8 3 6
 0 A B 7 1 5 8 3 2 4 9 6
 0 A B 7 1 8 5 9 2 4 3 6
 0 A B 7 2 5 4 8 1 3 9 6
 0 A B 7 2 8 1 4 3 5 9 6
 0 A B 7 2 8 5 4 9 1 3 6
 0 A B 7 4 3 5 8 2 9 1 6
 0 A B 8 1 3 9 5 4 7 2 6
 0 A B 8 1 4 3 9 5 7 2 6
 0 A B 8 1 7 3 2 5 9 4 6
 0 A B 8 1 9 3 5 4 7 2 6
 0 A B 8 1 9 3 7 2 5 4 6
 0 A B 8 3 5 4 7 1 9 2 6
 0 A B 8 3 7 1 9 2 5 4 6
 0 B 1 2 5 9 4 A 7 3 8 6
 0 B 1 2 5 A 7 3 9 4 8 6
 0 B 1 4 2 7 8 5 9 3 A 6
 0 B 1 4 2 9 3 7 8 5 A 6
 0 B 1 4 8 3 9 2 A 7 5 6
 0 B 1 4 9 3 7 2 A 8 5 6
 0 B 1 4 9 5 3 A 7 8 2 6
 0 B 1 4 9 7 3 A 2 8 5 6
 0 B 1 4 A 2 9 7 3 8 5 6
 0 B 1 5 2 8 3 4 9 7 A 6
 0 B 1 5 2 9 7 8 4 A 3 6
 0 B 1 5 2 9 A 4 7 3 8 6
 0 B 1 5 2 A 3 9 4 7 8 6
 0 B 1 5 2 A 4 9 7 8 3 6
 0 B 1 5 A 7 8 4 2 9 3 6
 0 B 1 5 A 8 4 7 2 3 9 6
 0 B 1 7 4 5 9 2 A 8 3 6
 0 B 1 7 4 8 9 2 5 3 A 6
 0 B 1 7 4 8 9 2 A 5 3 6
 0 B 1 7 8 5 9 4 2 A 3 6
 0 B 1 7 A 8 3 4 9 5 2 6
 0 B 1 8 2 5 3 7 4 9 A 6
 0 B 1 8 2 A 3 4 7 5 9 6
 0 B 1 8 4 7 5 A 2 3 9 6
 0 B 1 8 4 A 7 5 9 2 3 6
 0 B 1 8 5 9 3 4 2 7 A 6
 0 B 1 8 5 9 A 4 2 7 3 6
 0 B 1 8 9 2 5 3 7 4 A 6
 0 B 1 8 9 3 7 4 2 5 A 6
 0 B 1 9 2 3 7 4 A 5 8 6
 0 B 1 9 3 A 2 7 4 5 8 6
 0 B 1 9 4 A 2 7 8 5 3 6
 0 B 1 9 7 4 5 A 2 8 3 6
 0 B 1 A 2 7 3 9 4 5 8 6
 0 B 1 A 2 9 3 8 4 7 5 6
 0 B 1 A 8 4 9 3 7 2 5 6
 0 B 2 3 1 7 9 4 8 5 A 6
 0 B 2 3 5 A 7 1 9 4 8 6
 0 B 2 3 7 5 1 8 A 4 9 6
 0 B 2 3 7 9 4 A 8 5 1 6
 0 B 2 3 7 9 5 A 4 1 8 6
 0 B 2 3 9 4 8 A 7 5 1 6
 0 B 2 3 9 7 4 8 A 5 1 6
 0 B 2 4 1 8 9 3 7 5 A 6
 0 B 2 4 5 A 7 3 9 1 8 6
 0 B 2 4 5 A 8 3 7 1 9 6
 0 B 2 4 8 1 9 3 A 7 5 6
 0 B 2 4 8 3 9 A 7 5 1 6
 0 B 2 4 8 9 3 A 7 5 1 6
 0 B 2 4 8 9 5 3 A 7 1 6
 0 B 2 4 9 1 7 3 A 8 5 6
 0 B 2 4 9 1 7 8 5 3 A 6
 0 B 2 4 A 3 7 5 1 8 9 6
 0 B 2 4 A 5 3 7 8 1 9 6
 0 B 2 7 1 3 A 8 4 5 9 6
 0 B 2 7 3 1 8 5 9 A 4 6
 0 B 2 7 3 1 8 A 4 5 9 6
 0 B 2 7 3 5 9 A 4 1 8 6
 0 B 2 7 4 5 3 9 1 8 A 6
 0 B 2 7 4 5 9 3 1 8 A 6
 0 B 2 7 5 1 3 A 4 8 9 6
 0 B 2 7 5 9 3 4 1 8 A 6
 0 B 2 7 9 1 8 5 3 4 A 6
 0 B 2 7 9 3 A 8 4 1 5 6
 0 B 2 8 1 9 A 5 3 7 4 6
 0 B 2 8 1 A 5 9 7 3 4 6
 0 B 2 8 3 1 5 7 4 9 A 6
 0 B 2 8 4 5 3 A 7 9 1 6
 0 B 2 8 4 9 1 3 A 7 5 6
 0 B 2 8 9 4 1 3 7 5 A 6
 0 B 2 8 A 5 9 7 3 4 1 6
 0 B 2 9 1 3 8 4 A 7 5 6
 0 B 2 9 1 7 4 5 3 8 A 6
 0 B 2 9 1 A 4 5 7 3 8 6
 0 B 2 9 3 1 5 A 7 8 4 6
 0 B 2 9 3 4 8 A 7 5 1 6
 0 B 2 9 5 3 4 8 A 7 1 6
 0 B 2 9 5 3 7 8 1 A 4 6
 0 B 2 9 5 3 7 8 A 4 1 6
 0 B 2 9 5 7 1 A 3 4 8 6
 0 B 2 9 5 A 4 1 3 7 8 6
 0 B 2 9 5 A 7 1 3 4 8 6
 0 B 2 9 7 1 3 4 8 5 A 6
 0 B 2 9 7 3 8 A 4 1 5 6
 0 B 2 9 A 3 5 1 7 4 8 6
 0 B 2 9 A 4 1 5 7 3 8 6
 0 B 2 9 A 4 8 5 7 3 1 6
 0 B 2 9 A 7 1 5 3 8 4 6
 0 B 2 A 3 1 7 8 5 9 4 6
 0 B 2 A 3 1 7 9 4 8 5 6
 0 B 2 A 3 5 9 4 1 7 8 6
 0 B 2 A 3 9 4 1 5 7 8 6
 0 B 2 A 5 3 4 8 1 7 9 6
 0 B 2 A 5 3 8 9 1 7 4 6
 0 B 2 A 5 7 4 8 9 3 1 6
 0 B 2 A 7 1 5 3 8 9 4 6
 0 B 2 A 7 8 1 5 3 9 4 6
 0 B 3 1 8 2 5 7 4 9 A 6
 0 B 3 1 8 4 A 7 9 2 5 6
 0 B 3 1 8 9 2 5 7 4 A 6
 0 B 3 1 8 9 5 2 7 A 4 6
 0 B 3 1 9 A 5 8 2 7 4 6
 0 B 3 4 1 7 9 2 A 5 8 6
 0 B 3 4 2 9 5 8 A 7 1 6
 0 B 3 4 2 A 5 8 1 7 9 6
 0 B 3 4 A 7 9 2 5 1 8 6
 0 B 3 5 1 4 9 A 7 2 8 6
 0 B 3 5 2 9 7 8 1 4 A 6
 0 B 3 5 2 9 7 8 4 A 1 6
 0 B 3 5 2 9 A 8 4 7 1 6
 0 B 3 5 2 A 8 9 4 7 1 6
 0 B 3 5 8 1 2 9 7 4 A 6
 0 B 3 5 8 1 7 4 2 9 A 6
 0 B 3 5 8 4 2 9 A 7 1 6
 0 B 3 5 8 9 4 2 7 1 A 6
 0 B 3 5 8 9 4 2 A 7 1 6
 0 B 3 5 8 9 7 2 A 4 1 6
 0 B 3 5 A 1 7 8 4 2 9 6
 0 B 3 5 A 8 4 7 1 2 9 6
 0 B 3 8 2 4 1 9 7 A 5 6
 0 B 3 8 2 9 A 7 5 1 4 6
 0 B 3 8 5 1 2 9 7 A 4 6
 0 B 3 8 5 7 1 4 2 9 A 6
 0 B 3 8 9 4 2 5 7 1 A 6
 0 B 3 8 9 7 2 5 1 A 4 6
 0 B 3 8 A 1 7 4 2 9 5 6
 0 B 3 8 A 4 1 9 7 2 5 6
 0 B 3 8 A 4 7 5 1 2 9 6
 0 B 3 8 A 7 1 4 2 9 5 6
 0 B 3 8 A 7 1 9 4 2 5 6
 0 B 3 9 4 1 2 7 5 8 A 6
 0 B 3 9 4 2 5 7 8 1 A 6
 0 B 3 9 7 2 4 5 8 1 A 6
 0 B 3 A 4 1 2 7 9 5 8 6
 0 B 3 A 4 1 9 2 5 7 8 6
 0 B 3 A 4 2 5 7 8 1 9 6
 0 B 3 A 7 1 2 4 9 5 8 6
 0 B 3 A 7 1 9 2 4 5 8 6
 0 B 3 A 8 4 1 7 9 2 5 6
 0 B 3 A 8 9 2 5 1 7 4 6
 0 B 3 A 8 9 5 2 4 7 1 6
 0 B 3 A 8 9 5 2 7 1 4 6
 0 B 4 1 2 8 3 5 9 7 A 6
 0 B 4 1 2 8 A 5 9 7 3 6
 0 B 4 1 2 9 3 7 5 8 A 6
 0 B 4 1 3 7 5 8 2 9 A 6
 0 B 4 1 3 7 A 8 2 9 5 6
 0 B 4 1 5 7 2 A 8 9 3 6
 0 B 4 1 7 8 A 2 9 5 3 6
 0 B 4 1 8 2 3 5 9 7 A 6
 0 B 4 1 8 2 5 3 7 9 A 6
 0 B 4 1 9 3 A 2 5 7 8 6
 0 B 4 1 9 7 A 2 8 3 5 6
 0 B 4 2 3 9 1 8 5 7 A 6
 0 B 4 2 5 7 8 3 9 1 A 6
 0 B 4 2 8 9 1 A 5 7 3 6
 0 B 4 2 A 1 5 7 8 3 9 6
 0 B 4 2 A 1 7 8 3 5 9 6
 0 B 4 5 1 3 7 A 8 2 9 6
 0 B 4 5 3 7 2 8 A 1 9 6
 0 B 4 5 7 A 2 8 3 1 9 6
 0 B 4 7 1 2 A 8 3 5 9 6
 0 B 4 7 1 3 A 8 9 5 2 6
 0 B 4 7 1 9 A 8 3 5 2 6
 0 B 4 7 3 1 2 8 A 5 9 6
 0 B 4 7 5 1 3 A 2 8 9 6
 0 B 4 7 5 1 8 A 2 3 9 6
 0 B 4 7 5 2 3 9 1 8 A 6
 0 B 4 7 5 2 8 9 1 3 A 6
 0 B 4 7 9 1 2 8 5 3 A 6
 0 B 4 7 9 3 A 8 5 1 2 6
 0 B 4 8 2 9 A 7 5 1 3 6
 0 B 4 8 A 7 1 2 9 5 3 6
 0 B 4 8 A 7 5 1 2 9 3 6
 0 B 4 A 1 8 9 7 3 5 2 6
 0 B 4 A 1 9 7 8 3 5 2 6
 0 B 4 A 2 5 7 3 1 8 9 6
 0 B 4 A 2 5 7 8 3 1 9 6
 0 B 4 A 2 9 7 8 5 1 3 6
 0 B 4 A 7 9 5 8 3 1 2 6
 0 B 5 1 2 9 7 4 8 A 3 6
 0 B 5 1 A 2 4 9 7 8 3 6
 0 B 5 1 A 8 3 4 7 9 2 6
 0 B 5 2 3 7 A 8 1 9 4 6
 0 B 5 2 3 A 8 4 7 9 1 6
 0 B 5 2 4 7 3 A 8 9 1 6
 0 B 5 2 4 8 9 7 3 A 1 6
 0 B 5 2 7 3 A 8 9 1 4 6
 0 B 5 2 9 7 3 4 8 A 1 6
 0 B 5 2 A 3 4 7 9 1 8 6
 0 B 5 2 A 8 3 4 7 9 1 6
 0 B 5 3 A 2 4 7 8 1 9 6
 0 B 5 7 2 A 3 1 4 8 9 6
 0 B 5 7 4 9 1 2 A 8 3 6
 0 B 5 7 8 4 2 9 1 A 3 6
 0 B 5 7 A 2 3 1 8 4 9 6
 0 B 5 7 A 8 3 4 1 9 2 6
 0 B 5 8 1 3 7 4 2 9 A 6
 0 B 5 8 1 A 2 9 7 3 4 6
 0 B 5 8 3 1 9 A 2 7 4 6
 0 B 5 8 3 4 2 7 9 1 A 6
 0 B 5 8 3 4 2 A 7 9 1 6
 0 B 5 8 4 2 3 A 7 9 1 6
 0 B 5 8 9 7 3 A 2 4 1 6
 0 B 5 8 A 2 9 7 3 4 1 6
 0 B 5 8 A 3 4 1 9 7 2 6
 0 B 5 8 A 7 3 4 2 9 1 6
 0 B 5 9 2 4 7 8 3 1 A 6
 0 B 5 9 2 A 7 8 3 1 4 6
 0 B 5 9 4 2 A 7 8 1 3 6
 0 B 5 A 1 3 7 8 4 2 9 6
 0 B 5 A 1 8 4 2 3 7 9 6
 0 B 5 A 2 3 1 8 4 7 9 6
 0 B 5 A 2 4 1 8 9 7 3 6
 0 B 5 A 2 4 1 9 7 8 3 6
 0 B 5 A 2 4 7 3 1 8 9 6
 0 B 5 A 2 4 7 8 3 1 9 6
 0 B 5 A 2 9 7 8 4 1 3 6
 0 B 5 A 7 8 4 2 9 1 3 6
 0 B 5 A 7 9 1 8 4 2 3 6
 0 B 7 1 4 2 3 8 A 5 9 6
 0 B 7 1 4 5 3 8 A 2 9 6
 0 B 7 1 4 9 A 8 3 5 2 6
 0 B 7 1 5 2 4 9 A 8 3 6
 0 B 7 1 5 8 A 3 4 2 9 6
 0 B 7 1 8 A 2 5 3 4 9 6
 0 B 7 1 8 A 3 4 2 5 9 6
 0 B 7 1 A 2 5 3 8 9 4 6
 0 B 7 1 A 3 5 8 9 4 2 6
 0 B 7 2 3 1 5 8 A 4 9 6
 0 B 7 2 4 1 5 A 8 9 3 6
 0 B 7 2 4 8 5 3 9 A 1 6
 0 B 7 2 4 A 1 5 3 8 9 6
 0 B 7 2 4 A 3 1 5 8 9 6
 0 B 7 2 5 3 8 9 1 A 4 6
 0 B 7 2 5 9 A 4 1 3 8 6
 0 B 7 2 8 5 9 A 3 1 4 6
 0 B 7 2 8 A 1 5 3 4 9 6
 0 B 7 2 8 A 3 1 4 5 9 6
 0 B 7 4 2 8 3 5 9 A 1 6
 0 B 7 4 2 9 3 8 A 1 5 6
 0 B 7 4 5 8 A 2 9 3 1 6
 0 B 7 4 5 A 8 2 9 1 3 6
 0 B 7 4 9 1 2 8 A 5 3 6
 0 B 7 4 9 1 3 A 8 2 5 6
 0 B 7 4 9 3 1 8 A 2 5 6
 0 B 7 5 2 3 9 4 8 A 1 6
 0 B 7 5 2 4 8 3 9 A 1 6
 0 B 7 5 2 4 8 9 3 A 1 6
 0 B 7 5 2 9 3 4 8 A 1 6
 0 B 7 5 2 9 A 4 8 1 3 6
 0 B 7 5 8 1 3 4 A 2 9 6
 0 B 7 5 8 1 A 2 3 9 4 6
 0 B 7 5 8 1 A 2 9 3 4 6
 0 B 7 5 8 2 9 1 A 3 4 6
 0 B 7 5 8 3 9 A 2 4 1 6
 0 B 7 5 8 9 3 A 2 4 1 6
 0 B 7 5 8 A 2 3 9 4 1 6
 0 B 7 5 8 A 2 9 3 4 1 6
 0 B 7 5 8 A 3 9 4 1 2 6
 0 B 7 5 9 4 1 2 8 A 3 6
 0 B 7 5 A 1 2 4 8 3 9 6
 0 B 7 5 A 1 3 4 8 2 9 6
 0 B 7 5 A 2 4 1 8 9 3 6
 0 B 7 5 A 2 8 9 4 1 3 6
 0 B 7 8 1 3 A 4 2 5 9 6
 0 B 7 8 1 A 2 5 3 9 4 6
 0 B 7 8 2 4 9 1 A 5 3 6
 0 B 7 8 5 A 1 3 9 4 2 6
 0 B 7 8 5 A 2 9 3 1 4 6
 0 B 7 8 5 A 4 2 9 1 3 6
 0 B 7 8 A 2 5 3 9 4 1 6
 0 B 7 9 1 4 A 5 2 3 8 6
 0 B 7 9 1 8 5 A 4 2 3 6
 0 B 7 9 2 3 A 4 1 5 8 6
 0 B 7 9 3 A 8 1 4 5 2 6
 0 B 7 9 4 1 5 A 8 2 3 6
 0 B 7 9 4 A 1 5 2 3 8 6
 0 B 7 9 4 A 8 1 5 2 3 6
 0 B 7 A 2 4 9 3 1 8 5 6
 0 B 7 A 3 1 2 8 5 9 4 6
 0 B 7 A 3 1 5 2 8 9 4 6
 0 B 7 A 3 1 8 2 4 5 9 6
 0 B 7 A 3 5 9 4 1 2 8 6
 0 B 7 A 4 2 9 1 3 8 5 6
 0 B 7 A 4 5 2 9 1 3 8 6
 0 B 7 A 5 2 4 8 9 3 1 6
 0 B 7 A 8 1 3 9 4 5 2 6
 0 B 7 A 8 1 5 2 3 9 4 6
 0 B 7 A 8 1 5 2 9 3 4 6
 0 B 7 A 8 2 3 5 9 4 1 6
 0 B 7 A 8 3 9 2 4 1 5 6
 0 B 8 1 2 4 7 5 9 3 A 6
 0 B 8 1 2 4 A 5 9 7 3 6
 0 B 8 1 2 5 3 7 9 4 A 6
 0 B 8 1 2 5 9 7 3 A 4 6
 0 B 8 1 2 9 5 3 7 A 4 6
 0 B 8 1 3 7 A 4 2 9 5 6
 0 B 8 1 4 A 2 9 7 3 5 6
 0 B 8 1 7 A 2 9 5 3 4 6
 0 B 8 1 9 3 A 2 4 7 5 6
 0 B 8 2 3 7 5 A 1 9 4 6
 0 B 8 2 4 5 9 7 3 A 1 6
 0 B 8 2 4 9 7 3 A 1 5 6
 0 B 8 2 7 9 1 4 5 3 A 6
 0 B 8 2 9 1 3 4 7 5 A 6
 0 B 8 2 9 A 3 7 5 1 4 6
 0 B 8 2 A 5 3 4 7 9 1 6
 0 B 8 3 1 4 A 2 7 9 5 6
 0 B 8 3 1 7 A 2 4 9 5 6
 0 B 8 3 7 9 A 4 2 5 1 6
 0 B 8 3 9 1 2 4 7 5 A 6
 0 B 8 3 9 7 A 2 4 5 1 6
 0 B 8 3 9 A 2 4 7 5 1 6
 0 B 8 3 9 A 2 7 5 1 4 6
 0 B 8 4 2 7 9 3 A 1 5 6
 0 B 8 4 2 9 1 7 A 3 5 6
 0 B 8 4 5 3 A 1 7 9 2 6
 0 B 8 4 5 7 A 2 9 3 1 6
 0 B 8 4 5 A 1 3 9 7 2 6
 0 B 8 4 5 A 2 9 7 1 3 6
 0 B 8 4 9 7 1 3 A 2 5 6
 0 B 8 9 2 4 7 1 5 3 A 6
 0 B 8 9 2 A 5 3 7 1 4 6
 0 B 8 9 3 A 2 4 7 5 1 6
 0 B 8 9 3 A 2 7 5 1 4 6
 0 B 8 9 4 A 2 5 7 3 1 6
 0 B 8 9 4 A 2 7 5 1 3 6
 0 B 8 9 5 3 7 2 4 A 1 6
 0 B 8 9 5 3 A 2 4 7 1 6
 0 B 8 9 5 3 A 2 7 1 4 6
 0 B 8 A 2 3 9 4 7 5 1 6
 0 B 8 A 2 7 1 9 4 5 3 6
 0 B 8 A 2 9 3 4 7 5 1 6
 0 B 8 A 2 9 5 3 4 7 1 6
 0 B 8 A 3 7 1 4 2 9 5 6
 0 B 8 A 3 7 1 9 4 2 5 6
 0 B 8 A 3 9 4 7 5 1 2 6
 0 B 8 A 5 3 4 7 1 9 2 6
 0 B 9 1 3 4 7 2 8 5 A 6
 0 B 9 1 3 8 4 A 7 2 5 6
 0 B 9 1 7 A 5 2 3 8 4 6
 0 B 9 1 8 2 4 5 A 7 3 6
 0 B 9 1 8 2 5 A 7 3 4 6
 0 B 9 1 8 A 4 5 2 7 3 6
 0 B 9 1 A 5 8 2 7 3 4 6
 0 B 9 2 3 7 1 A 5 8 4 6
 0 B 9 2 3 A 7 1 5 8 4 6
 0 B 9 2 4 5 8 3 7 1 A 6
 0 B 9 2 8 3 4 1 5 7 A 6
 0 B 9 2 8 4 1 3 7 A 5 6
 0 B 9 2 A 1 7 4 8 3 5 6
 0 B 9 2 A 4 1 5 7 8 3 6
 0 B 9 2 A 7 1 4 8 3 5 6
 0 B 9 2 A 7 1 5 8 3 4 6
 0 B 9 3 4 8 5 7 2 A 1 6
 0 B 9 3 4 8 A 7 2 5 1 6
 0 B 9 3 7 2 4 5 8 1 A 6
 0 B 9 3 A 1 5 2 7 8 4 6
 0 B 9 3 A 2 4 7 8 5 1 6
 0 B 9 3 A 2 5 7 8 4 1 6
 0 B 9 3 A 2 7 8 5 1 4 6
 0 B 9 4 1 3 7 8 2 5 A 6
 0 B 9 4 1 5 7 8 2 A 3 6
 0 B 9 4 1 7 3 8 A 2 5 6
 0 B 9 4 5 2 8 1 3 7 A 6
 0 B 9 4 7 1 5 2 3 8 A 6
 0 B 9 4 8 5 7 1 2 A 3 6
 0 B 9 4 A 2 7 8 5 1 3 6
 0 B 9 4 A 7 3 5 8 1 2 6
 0 B 9 5 7 4 8 2 3 A 1 6
 0 B 9 5 7 A 2 8 3 4 1 6
 0 B 9 5 7 A 3 4 1 8 2 6
 0 B 9 5 8 1 3 4 A 7 2 6
 0 B 9 5 8 A 3 4 1 7 2 6
 0 B 9 5 A 1 2 8 3 7 4 6
 0 B 9 5 A 1 8 2 3 7 4 6
 0 B 9 5 A 2 4 1 7 8 3 6
 0 B 9 5 A 7 1 2 4 8 3 6
 0 B 9 A 3 5 8 4 1 7 2 6
 0 B 9 A 3 7 2 8 5 1 4 6
 0 B 9 A 5 2 4 8 1 7 3 6
